# CSV STUB: ^VIX_5y_1d.csv
- Size: 116.2 KB
- Shape: (1256, 8)
- Columns: ['Date', 'Open', 'High', 'Low', 'Close', 'Volume', 'Dividends', 'Stock Splits']
      Date      Open      High       Low     Close  Volume  Dividends  Stock Splits
2020-08-10 22.879999 23.520000 21.459999 22.129999       0        0.0           0.0
2020-08-11 21.850000 24.930000 20.280001 24.030001       0        0.0           0.0
2020-08-12 22.820000 22.879999 21.540001 22.280001       0        0.0           0.0
2020-08-13 22.200001 22.920000 21.450001 22.129999       0        0.0           0.0
2020-08-14 22.270000 23.549999 21.790001 22.049999       0        0.0           0.0
2020-08-17 22.520000 22.820000 21.340000 21.350000       0        0.0           0.0
2020-08-18 21.690001 22.549999 21.180000 21.510000       0        0.0           0.0
2020-08-19 21.600000 22.980000 20.990000 22.540001       0        0.0           0.0
2020-08-20 24.100000 24.600000 22.370001 22.719999       0        0.0           0.0
2020-08-21 22.580000 24.469999 22.059999 22.540001       0        0.0           0.0
2020-08-24 22.870001 23.180000 21.250000 22.370001       0        0.0           0.0
2020-08-25 22.160000 23.430000 21.530001 22.030001       0        0.0           0.0
2020-08-26 22.139999 23.270000 20.920000 23.270000       0        0.0           0.0
2020-08-27 23.420000 27.090000 21.440001 24.469999       0        0.0           0.0
2020-08-28 24.590000 26.299999 22.639999 22.959999       0        0.0           0.0
2020-08-31 23.910000 26.500000 21.770000 26.410000       0        0.0           0.0
2020-09-01 25.860001 26.590000 25.020000 26.120001       0        0.0           0.0
2020-09-02 26.010000 27.070000 25.530001 26.570000       0        0.0           0.0
2020-09-03 26.280001 35.939999 25.660000 33.599998       0        0.0           0.0
2020-09-04 34.619999 38.279999 29.500000 30.750000       0        0.0           0.0
2020-09-08 30.610001 35.930000 30.520000 31.459999       0        0.0           0.0
2020-09-09 31.680000 31.780001 28.120001 28.809999       0        0.0           0.0
2020-09-10 28.670000 30.559999 27.590000 29.709999       0        0.0           0.0
2020-09-11 28.629999 29.730000 26.510000 26.870001       0        0.0           0.0
2020-09-14 25.860001 26.790001 25.379999 25.850000       0        0.0           0.0
2020-09-15 25.920000 26.000000 24.920000 25.590000       0        0.0           0.0
2020-09-16 25.309999 26.590000 24.840000 26.040001       0        0.0           0.0
2020-09-17 28.219999 28.920000 26.260000 26.459999       0        0.0           0.0
2020-09-18 26.650000 28.100000 25.280001 25.830000       0        0.0           0.0
2020-09-21 28.040001 31.180000 27.389999 27.780001       0        0.0           0.0
              Open         High          Low        Close  Volume  Dividends  Stock Splits
count  1256.000000  1256.000000  1256.000000  1256.000000  1256.0     1256.0        1256.0
mean     20.261457    21.375788    19.193646    20.037508     0.0        0.0           0.0
std       5.638030     6.368337     5.024151     5.567217     0.0        0.0           0.0
min      11.530000    12.230000    10.620000    11.860000     0.0        0.0           0.0
25%      16.125000    16.847500    15.365000    15.970000     0.0        0.0           0.0
50%      19.285001    20.260000    18.230000    18.969999     0.0        0.0           0.0
75%      23.395000    24.672500    22.100000    23.085000     0.0        0.0           0.0
max      60.130001    65.730003    38.580002    52.330002     0.0        0.0           0.0
