# CSV STUB: ^VIX_8y_1d.csv
- Size: 185.9 KB
- Shape: (2012, 8)
- Columns: ['Date', 'Open', 'High', 'Low', 'Close', 'Volume', 'Dividends', 'Stock Splits']
      Date  Open      High   Low     Close  Volume  Dividends  Stock Splits
2017-08-08 10.04 11.520000  9.52 10.960000       0        0.0           0.0
2017-08-09 11.49 12.630000 11.11 11.110000       0        0.0           0.0
2017-08-10 11.57 16.170000 11.56 16.040001       0        0.0           0.0
2017-08-11 16.17 17.280001 14.50 15.510000       0        0.0           0.0
2017-08-14 14.05 14.050000 12.06 12.330000       0        0.0           0.0
2017-08-15 11.78 12.370000 11.45 12.040000       0        0.0           0.0
2017-08-16 11.59 12.540000 11.25 11.740000       0        0.0           0.0
2017-08-17 11.81 15.770000 11.54 15.550000       0        0.0           0.0
2017-08-18 15.38 16.040001 13.32 14.260000       0        0.0           0.0
2017-08-21 14.59 14.740000 13.07 13.190000       0        0.0           0.0
2017-08-22 12.60 12.940000 11.35 11.350000       0        0.0           0.0
2017-08-23 11.51 12.590000 11.39 12.250000       0        0.0           0.0
2017-08-24 12.06 12.830000 11.55 12.230000       0        0.0           0.0
2017-08-25 12.20 12.450000 11.10 11.280000       0        0.0           0.0
2017-08-28 12.09 12.110000 11.23 11.320000       0        0.0           0.0
2017-08-29 13.33 14.340000 11.48 11.700000       0        0.0           0.0
2017-08-30 11.40 11.980000 10.96 11.220000       0        0.0           0.0
2017-08-31 11.07 11.220000 10.34 10.590000       0        0.0           0.0
2017-09-01 10.33 10.460000 10.02 10.130000       0        0.0           0.0
2017-09-05 11.75 14.060000 11.41 12.230000       0        0.0           0.0
2017-09-06 12.27 12.590000 11.35 11.630000       0        0.0           0.0
2017-09-07 11.93 12.070000 11.32 11.550000       0        0.0           0.0
2017-09-08 11.87 12.600000 11.84 12.120000       0        0.0           0.0
2017-09-11 11.38 11.390000 10.51 10.730000       0        0.0           0.0
2017-09-12 10.66 10.950000 10.29 10.580000       0        0.0           0.0
2017-09-13 10.72 10.860000 10.33 10.500000       0        0.0           0.0
2017-09-14 10.57 11.040000 10.28 10.440000       0        0.0           0.0
2017-09-15 10.51 10.740000 10.00 10.170000       0        0.0           0.0
2017-09-18 10.18 10.420000  9.88 10.150000       0        0.0           0.0
2017-09-19 10.16 10.300000  9.85 10.180000       0        0.0           0.0
              Open         High          Low        Close  Volume  Dividends  Stock Splits
count  2012.000000  2012.000000  2012.000000  2012.000000  2012.0     2012.0        2012.0
mean     19.627500    20.815035    18.514056    19.443181     0.0        0.0           0.0
std       7.766361     8.643215     6.914905     7.681970     0.0        0.0           0.0
min       9.010000     9.310000     8.560000     9.140000     0.0        0.0           0.0
25%      14.297500    14.927500    13.677500    14.220000     0.0        0.0           0.0
50%      17.809999    18.910000    16.945001    17.695001     0.0        0.0           0.0
75%      22.724999    24.022501    21.530001    22.520000     0.0        0.0           0.0
max      82.690002    85.470001    70.370003    82.690002     0.0        0.0           0.0
