# CSV STUB: AAPL_5y_1d.csv
- Size: 127.2 KB
- Shape: (1256, 8)
- Columns: ['Date', 'Open', 'High', 'Low', 'Close', 'Volume', 'Dividends', 'Stock Splits']
      Date       Open       High        Low      Close    Volume  Dividends  Stock Splits
2020-08-10 109.652317 110.796560 107.120382 109.776482 212403600        0.0           0.0
2020-08-11 109.038826 109.537906 106.251258 106.511757 187902400        0.0           0.0
2020-08-12 107.604859 110.309652 107.410097 110.051590 165598000        0.0           0.0
2020-08-13 111.434434 113.004725 110.945086 111.999252 210082000        0.0           0.0
2020-08-14 111.823959 111.989507 110.085683 111.899429 165565200        0.0           0.0
2020-08-17 113.024205 113.048552 110.979180 111.607292 119561600        0.0           0.0
2020-08-18 111.358954 112.963324 111.022984 112.537277 105633600        0.0           0.0
2020-08-19 112.946254 114.095364 112.583508 112.678452 145538000        0.0           0.0
2020-08-20 112.719841 115.293166 112.702797 115.178741 126907200        0.0           0.0
2020-08-21 116.140397 121.598671 116.128227 121.114197 338054800        0.0           0.0
2020-08-24 125.328402 125.413620 120.693016 122.562752 345937600        0.0           0.0
2020-08-25 121.433132 121.902999 119.831191 121.557289 211495600        0.0           0.0
2020-08-26 122.876840 123.668070 121.808067 123.210373 163022400        0.0           0.0
2020-08-27 123.814132 124.147665 120.590777 121.737457 155552400        0.0           0.0
2020-08-28 122.713710 123.132454 121.316278 121.540260 187630000        0.0           0.0
2020-08-31 124.240185 127.570654 122.701545 125.661957 225702700        0.0           4.0
2020-09-01 129.284579 131.271184 127.112960 130.667404 151948100        0.0           0.0
2020-09-02 133.988126 134.367916 123.675357 127.960167 200119000        0.0           0.0
2020-09-03 123.587704 125.467172 117.345504 117.715553 257599600        0.0           0.0
2020-09-04 116.926772 120.461742 107.987088 117.793472 332607200        0.0           0.0
2020-09-08 110.966985 115.875048 109.730235 109.866570 231366600        0.0           0.0
2020-09-09 114.190352 116.021135 112.242709 114.248779 176940500        0.0           0.0
2020-09-10 117.209186 117.345520 109.554946 110.519028 182274400        0.0           0.0
2020-09-11 111.570768 112.213494 107.120403 109.068047 180860300        0.0           0.0
2020-09-14 111.716827 112.895151 109.847091 112.340073 140150100        0.0           0.0
2020-09-15 115.232329 115.719240 110.635889 112.515366 184642000        0.0           0.0
2020-09-16 112.213479 112.963319 109.106985 109.194626 154679000        0.0           0.0
2020-09-17 106.847720 109.262794 105.864158 107.451485 178011000        0.0           0.0
2020-09-18 107.509932 107.977362 103.312755 104.043121 287104900        0.0           0.0
2020-09-21 101.803330 107.305424 100.401024 107.198303 195713800        0.0           0.0
              Open         High          Low        Close        Volume    Dividends  Stock Splits
count  1256.000000  1256.000000  1256.000000  1256.000000  1.256000e+03  1256.000000   1256.000000
mean    168.446844   170.329526   166.700469   168.597674  7.727982e+07     0.003527      0.003185
std      36.103700    36.362778    35.934829    36.197630  3.828688e+07     0.028531      0.112867
min     101.803330   107.305424   100.401024   104.043121  2.323470e+07     0.000000      0.000000
25%     140.655671   142.479544   139.175676   140.885349  5.123852e+07     0.000000      0.000000
50%     166.689129   168.138283   164.911111   166.561256  6.846695e+07     0.000000      0.000000
75%     192.207449   193.749382   190.604115   192.093391  9.142485e+07     0.000000      0.000000
max     257.568678   259.474086   257.010028   258.396667  3.459376e+08     0.260000      4.000000
