# CSV STUB: AAPL_8y_1d.csv
- Size: 202.6 KB
- Shape: (2011, 8)
- Columns: ['Date', 'Open', 'High', 'Low', 'Close', 'Volume', 'Dividends', 'Stock Splits']
      Date      Open      High       Low     Close    Volume  Dividends  Stock Splits
2017-08-09 37.096359 37.564549 37.061421 37.515633 104526000     0.0000           0.0
2017-08-10 37.391702 37.415087 36.159345 36.320698 163217200     0.1575           0.0
2017-08-11 36.620014 37.080687 36.496077 36.825794 105028400     0.0000           0.0
2017-08-14 37.256083 37.464204 37.122790 37.380020  88490800     0.0000           0.0
2017-08-15 37.569424 37.929542 37.447824 37.789238 117862000     0.0000           0.0
2017-08-16 37.868741 38.002030 37.450158 37.637234 110686400     0.0000           0.0
2017-08-17 37.536680 37.581111 36.909976 36.914654 111762400     0.0000           0.0
2017-08-18 36.914659 37.298163 36.648077 36.830475 109712400     0.0000           0.0
2017-08-21 36.830478 36.921677 36.271590 36.762665 105474000     0.0000           0.0
2017-08-22 37.001177 37.415082 36.952071 37.363636  86418400     0.0000           0.0
2017-08-23 37.197616 37.524997 37.153185 37.410412  77596400     0.0000           0.0
2017-08-24 37.515634 37.588128 37.076009 37.244377  79275600     0.0000           0.0
2017-08-25 37.333250 37.546049 37.244391 37.382359 101920400     0.0000           0.0
2017-08-28 37.447822 37.882772 37.398713 37.758835 103864000     0.0000           0.0
2017-08-29 37.438472 38.144679 37.415086 38.095573 118067600     0.0000           0.0
2017-08-30 38.303689 38.324734 38.025414 38.198460 109078400     0.0000           0.0
2017-08-31 38.266276 38.472060 38.228860 38.350460 107140400     0.0000           0.0
2017-09-01 38.537539 38.570277 38.263942 38.362156  66364400     0.0000           0.0
2017-09-05 38.292001 38.408923 37.546037 37.901482 117874000     0.0000           0.0
2017-09-06 38.048805 38.114281 37.536685 37.861729  86606800     0.0000           0.0
2017-09-07 37.903823 37.938902 37.499274 37.709732  87714000     0.0000           0.0
2017-09-08 37.616187 37.684000 37.071329 37.094715 114446000     0.0000           0.0
2017-09-11 37.532013 37.894473 37.389368 37.765858 126323200     0.0000           0.0
2017-09-12 38.025423 38.341114 37.127462 37.616196 286856000     0.0000           0.0
2017-09-13 37.384683 37.405731 36.926350 37.333237 179629600     0.0000           0.0
2017-09-14 37.178906 37.274779 36.968444 37.012875  95042800     0.0000           0.0
2017-09-15 37.057306 37.641917 36.947399 37.387028 196458400     0.0000           0.0
2017-09-18 37.440801 37.532000 36.947390 37.104065 113077600     0.0000           0.0
2017-09-19 37.300497 37.361299 37.050286 37.118099  83242400     0.0000           0.0
2017-09-20 36.924018 37.008202 35.972274 36.496086 211805600     0.0000           0.0
              Open         High          Low        Close        Volume    Dividends  Stock Splits
count  2011.000000  2011.000000  2011.000000  2011.000000  2.011000e+03  2011.000000   2011.000000
mean    124.779816   126.175602   123.499253   124.902611  9.752004e+07     0.003388      0.001989
std      63.820658    64.491494    63.214129    63.893943  5.410968e+07     0.026897      0.089198
min      34.297222    34.711705    33.825570    33.870831  2.323470e+07     0.000000      0.000000
25%      52.492876    53.058702    51.969605    52.519144  6.010800e+07     0.000000      0.000000
50%     134.185396   136.254994   132.661579   134.201614  8.482840e+07     0.000000      0.000000
75%     173.606785   175.565528   171.991747   173.466362  1.178680e+08     0.000000      0.000000
max     257.568678   259.474086   257.010028   258.396667  4.265100e+08     0.260000      4.000000
