# CSV STUB: ABNB_8y_1d.csv
- Size: 111.9 KB
- Shape: (1173, 8)
- Columns: ['Date', 'Open', 'High', 'Low', 'Close', 'Volume', 'Dividends', 'Stock Splits']
      Date       Open       High        Low      Close   Volume  Dividends  Stock Splits
2020-12-10 146.000000 165.000000 141.250000 144.710007 70447500        0.0           0.0
2020-12-11 146.550003 151.500000 135.100006 139.250000 26980800        0.0           0.0
2020-12-14 135.000000 135.300003 125.160004 130.000000 16966100        0.0           0.0
2020-12-15 126.690002 127.599998 121.500000 124.800003 10914400        0.0           0.0
2020-12-16 125.830002 142.000000 124.910004 137.990005 20409600        0.0           0.0
2020-12-17 143.000000 152.449997 142.669998 147.050003 15054700        0.0           0.0
2020-12-18 150.449997 159.000000 150.300003 157.300003 15954200        0.0           0.0
2020-12-21 155.309998 172.000000 145.110001 163.020004 17788100        0.0           0.0
2020-12-22 170.000000 174.970001 161.050003 163.190002  9872600        0.0           0.0
2020-12-23 162.813995 168.250000 155.500000 158.009995  5852500        0.0           0.0
2020-12-24 159.160004 162.789993 154.112000 154.839996  3621400        0.0           0.0
2020-12-28 158.600006 163.639999 147.520004 149.000000  6229200        0.0           0.0
2020-12-29 150.000000 151.651001 143.119995 150.000000  5402300        0.0           0.0
2020-12-30 151.339996 152.813004 145.600006 148.429993  3462400        0.0           0.0
2020-12-31 146.899994 147.889999 144.509995 146.800003  2795800        0.0           0.0
2021-01-04 150.990005 151.005005 137.000000 139.149994  6409900        0.0           0.0
2021-01-05 138.279999 149.000000 137.250000 148.300003  5974200        0.0           0.0
2021-01-06 145.750000 148.350006 141.110001 142.770004  4213900        0.0           0.0
2021-01-07 146.369995 154.419998 145.261002 151.270004  4482800        0.0           0.0
2021-01-08 153.449997 155.539993 147.250000 149.770004  4615600        0.0           0.0
2021-01-11 147.990005 150.500000 144.020004 148.130005  2801900        0.0           0.0
2021-01-12 148.080002 163.880005 143.610001 160.800003  8123600        0.0           0.0
2021-01-13 160.809998 178.619995 159.350006 169.990005 12529700        0.0           0.0
2021-01-14 175.539993 187.419998 174.975006 180.500000  9926500        0.0           0.0
2021-01-15 184.580002 185.994995 164.860001 169.270004  8575700        0.0           0.0
2021-01-19 173.000000 178.600006 166.600006 173.690002  4685400        0.0           0.0
2021-01-20 176.009995 176.309998 161.000000 161.830002  8517400        0.0           0.0
2021-01-21 164.990005 183.470001 155.330002 180.399994 17618400        0.0           0.0
2021-01-22 178.089996 185.307007 175.190002 181.869995  7136800        0.0           0.0
2021-01-25 186.050003 192.470001 170.029999 177.529999  7472900        0.0           0.0
              Open         High          Low        Close        Volume  Dividends  Stock Splits
count  1173.000000  1173.000000  1173.000000  1173.000000  1.173000e+03     1173.0        1173.0
mean    138.729572   141.400182   136.143753   138.809834  5.957688e+06        0.0           0.0
std      24.805266    25.526215    24.044740    24.709733  4.679851e+06        0.0           0.0
min      82.970001    84.250000    81.910004    82.489998  1.677100e+06        0.0           0.0
25%     120.239998   122.739998   118.099998   120.690002  3.778600e+06        0.0           0.0
50%     136.710007   138.660004   135.130005   136.850006  4.817300e+06        0.0           0.0
75%     153.789993   157.345001   150.699997   153.429993  6.618700e+06        0.0           0.0
max     216.240005   219.940002   209.089996   216.839996  7.478850e+07        0.0           0.0
