# CSV STUB: ADBE_5y_1d.csv
- Size: 117.0 KB
- Shape: (1256, 8)
- Columns: ['Date', 'Open', 'High', 'Low', 'Close', 'Volume', 'Dividends', 'Stock Splits']
      Date       Open       High        Low      Close  Volume  Dividends  Stock Splits
2020-08-10 450.369995 451.130005 436.500000 443.290009 1836800        0.0           0.0
2020-08-11 440.260010 444.480011 431.589996 435.230011 1900200        0.0           0.0
2020-08-12 437.369995 447.929993 437.369995 445.359985 2223700        0.0           0.0
2020-08-13 446.070007 455.899994 446.070007 450.019989 2028000        0.0           0.0
2020-08-14 451.390015 452.809998 444.429993 447.600006 1111000        0.0           0.0
2020-08-17 450.000000 456.100006 449.200012 451.579987 1555700        0.0           0.0
2020-08-18 454.790009 464.500000 452.839996 463.510010 2097700        0.0           0.0
2020-08-19 464.290009 468.109985 457.589996 462.010010 2439200        0.0           0.0
2020-08-20 460.989990 479.799988 458.890015 478.480011 2485000        0.0           0.0
2020-08-21 477.089996 477.279999 470.339996 473.220001 2645600        0.0           0.0
2020-08-24 478.140015 480.019989 469.519989 476.299988 1840500        0.0           0.0
2020-08-25 476.670013 484.649994 474.429993 484.429993 3967400        0.0           0.0
2020-08-26 496.950012 533.700012 492.230011 528.489990 7780300        0.0           0.0
2020-08-27 519.010010 523.320007 504.459991 510.320007 3631800        0.0           0.0
2020-08-28 512.330017 518.799988 510.940002 516.440002 1926300        0.0           0.0
2020-08-31 513.859985 516.729980 507.769989 513.390015 2346700        0.0           0.0
2020-09-01 515.000000 528.539978 514.479980 527.950012 2404000        0.0           0.0
2020-09-02 536.250000 536.880005 521.409973 533.799988 2783400        0.0           0.0
2020-09-03 526.039978 527.630005 493.420013 507.799988 5837600        0.0           0.0
2020-09-04 504.649994 511.350006 471.709991 491.940002 3900300        0.0           0.0
2020-09-08 471.890015 481.480011 461.179993 462.130005 4533100        0.0           0.0
2020-09-09 473.910004 483.489990 462.480011 479.459991 3312100        0.0           0.0
2020-09-10 491.149994 501.850006 473.500000 476.260010 4248100        0.0           0.0
2020-09-11 487.079987 489.410004 464.480011 471.350006 4414200        0.0           0.0
2020-09-14 484.989990 490.440002 476.869995 485.910004 4463800        0.0           0.0
2020-09-15 493.739990 499.690002 491.489990 497.670013 5682400        0.0           0.0
2020-09-16 505.500000 505.500000 475.500000 476.000000 8462600        0.0           0.0
2020-09-17 464.440002 475.170013 460.500000 474.299988 4560800        0.0           0.0
2020-09-18 477.399994 478.339996 452.519989 467.549988 7182300        0.0           0.0
2020-09-21 460.309998 475.859985 456.730011 475.640015 3913700        0.0           0.0
              Open         High          Low        Close        Volume  Dividends  Stock Splits
count  1256.000000  1256.000000  1256.000000  1256.000000  1.256000e+03     1256.0        1256.0
mean    476.123050   481.904530   470.016338   476.027237  3.146187e+06        0.0           0.0
std      91.797954    92.187936    91.169642    91.851170  1.890879e+06        0.0           0.0
min     277.799988   279.589996   274.730011   275.200012  5.892000e+05        0.0           0.0
25%     403.344994   408.722504   395.544991   402.349998  2.098225e+06        0.0           0.0
50%     481.089996   486.154999   473.699997   479.505005  2.670550e+06        0.0           0.0
75%     535.087494   540.742523   528.012512   535.830017  3.560450e+06        0.0           0.0
max     696.280029   699.539978   678.909973   688.369995  2.784020e+07        0.0           0.0
