# CSV STUB: ADBE_8y_1d.csv
- Size: 188.3 KB
- Shape: (2011, 8)
- Columns: ['Date', 'Open', 'High', 'Low', 'Close', 'Volume', 'Dividends', 'Stock Splits']
      Date       Open       High        Low      Close  Volume  Dividends  Stock Splits
2017-08-09 146.679993 148.500000 146.500000 148.350006 1177900        0.0           0.0
2017-08-10 147.229996 147.740005 144.720001 144.919998 1902000        0.0           0.0
2017-08-11 145.250000 147.100006 144.179993 146.470001 1382900        0.0           0.0
2017-08-14 147.809998 149.500000 147.559998 149.160004 1171600        0.0           0.0
2017-08-15 149.559998 150.649994 148.410004 150.360001 1144100        0.0           0.0
2017-08-16 150.699997 151.990005 149.759995 151.800003 1455000        0.0           0.0
2017-08-17 151.660004 151.720001 148.190002 148.229996 2125500        0.0           0.0
2017-08-18 147.740005 148.690002 147.119995 147.970001 1699300        0.0           0.0
2017-08-21 148.050003 149.330002 147.570007 149.259995 1244800        0.0           0.0
2017-08-22 150.139999 152.589996 150.139999 152.250000 1981300        0.0           0.0
2017-08-23 152.179993 152.179993 150.750000 151.100006 1355000        0.0           0.0
2017-08-24 151.220001 151.830002 149.169998 150.809998 1449400        0.0           0.0
2017-08-25 152.000000 153.000000 150.910004 151.449997 1182300        0.0           0.0
2017-08-28 151.869995 152.500000 151.190002 151.789993  952600        0.0           0.0
2017-08-29 150.550003 152.759995 150.009995 152.139999 1189000        0.0           0.0
2017-08-30 152.050003 154.259995 151.889999 153.669998 1465900        0.0           0.0
2017-08-31 154.360001 155.360001 154.350006 155.160004 1895000        0.0           0.0
2017-09-01 155.759995 156.059998 154.380005 155.059998 1321300        0.0           0.0
2017-09-05 154.830002 155.410004 153.309998 154.279999 1274000        0.0           0.0
2017-09-06 155.110001 155.559998 153.610001 153.759995 1224400        0.0           0.0
2017-09-07 154.490005 155.889999 153.639999 155.470001 1445400        0.0           0.0
2017-09-08 155.240005 155.880005 154.289993 155.339996 1449900        0.0           0.0
2017-09-11 156.589996 157.889999 156.380005 156.869995 1716000        0.0           0.0
2017-09-12 156.759995 157.220001 154.919998 156.309998 1766400        0.0           0.0
2017-09-13 155.880005 156.699997 155.389999 156.240005 1363900        0.0           0.0
2017-09-14 155.369995 156.199997 154.679993 154.949997 1676400        0.0           0.0
2017-09-15 154.899994 155.190002 153.559998 154.490005 3012800        0.0           0.0
2017-09-18 155.009995 156.300003 154.369995 155.770004 2581000        0.0           0.0
2017-09-19 156.300003 157.050003 155.809998 156.600006 4014800        0.0           0.0
2017-09-20 151.990005 152.399994 149.000000 149.960007 9372300        0.0           0.0
              Open         High          Low        Close        Volume  Dividends  Stock Splits
count  2011.000000  2011.000000  2011.000000  2011.000000  2.011000e+03     2011.0        2011.0
mean    397.933819   402.747404   392.815908   397.938354  3.085296e+06        0.0           0.0
std     131.266381   132.591044   129.795748   131.214632  1.756617e+06        0.0           0.0
min     145.250000   146.350006   143.949997   144.570007  5.892000e+05        0.0           0.0
25%     281.639999   284.980011   277.264999   281.610001  2.084950e+06        0.0           0.0
50%     394.100006   400.769989   387.459991   394.380005  2.647700e+06        0.0           0.0
75%     499.215012   505.404999   493.095001   499.080002  3.550150e+06        0.0           0.0
max     696.280029   699.539978   678.909973   688.369995  2.784020e+07        0.0           0.0
