# CSV STUB: AMD_8y_1d.csv
- Size: 196.4 KB
- Shape: (2011, 8)
- Columns: ['Date', 'Open', 'High', 'Low', 'Close', 'Volume', 'Dividends', 'Stock Splits']
      Date  Open  High   Low  Close    Volume  Dividends  Stock Splits
2017-08-14 12.58 12.85 12.58  12.76  64426100        0.0           0.0
2017-08-15 13.01 13.14 12.75  13.02  57990300        0.0           0.0
2017-08-16 13.17 13.19 12.52  12.63  64639400        0.0           0.0
2017-08-17 12.46 12.65 12.32  12.34  47371000        0.0           0.0
2017-08-18 12.43 12.56 12.25  12.37  37521700        0.0           0.0
2017-08-21 12.42 12.42 11.86  12.05  58888500        0.0           0.0
2017-08-22 12.20 12.33 12.10  12.17  39033200        0.0           0.0
2017-08-23 12.00 12.54 11.95  12.48  44345400        0.0           0.0
2017-08-24 12.69 12.71 12.39  12.50  37269700        0.0           0.0
2017-08-25 12.51 12.57 12.25  12.43  29732000        0.0           0.0
2017-08-28 12.53 12.55 12.16  12.23  35969600        0.0           0.0
2017-08-29 12.00 12.18 11.93  12.15  33618100        0.0           0.0
2017-08-30 12.19 12.68 12.16  12.67  43933000        0.0           0.0
2017-08-31 12.82 13.16 12.79  13.00  51822100        0.0           0.0
2017-09-01 13.12 13.49 13.04  13.19  53158600        0.0           0.0
2017-09-05 12.88 13.18 12.65  12.92  51445500        0.0           0.0
2017-09-06 13.02 13.08 12.75  12.86  34182400        0.0           0.0
2017-09-07 12.84 12.94 12.60  12.63  35816900        0.0           0.0
2017-09-08 12.57 12.61 12.04  12.25  60886200        0.0           0.0
2017-09-11 12.46 12.74 12.40  12.55  43346100        0.0           0.0
2017-09-12 12.66 12.68 12.21  12.30  54413100        0.0           0.0
2017-09-13 12.22 12.36 12.12  12.22  37210700        0.0           0.0
2017-09-14 12.15 12.46 12.11  12.26  37220200        0.0           0.0
2017-09-15 12.33 12.66 12.31  12.52  50337400        0.0           0.0
2017-09-18 12.77 13.30 12.74  13.08  83517400        0.0           0.0
2017-09-19 13.25 13.29 12.88  13.12  65455200        0.0           0.0
2017-09-20 13.07 13.80 12.80  13.74 102682400        0.0           0.0
2017-09-21 14.00 14.24 13.32  13.41 166821900        0.0           0.0
2017-09-22 13.20 13.40 13.12  13.30  50547000        0.0           0.0
2017-09-25 13.25 13.28 12.49  12.61  84172200        0.0           0.0
              Open         High          Low        Close        Volume  Dividends  Stock Splits
count  2011.000000  2011.000000  2011.000000  2011.000000  2.011000e+03     2011.0        2011.0
mean     80.481820    82.055261    78.836087    80.461367  6.483001e+07        0.0           0.0
std      48.700043    49.577483    47.709956    48.642983  3.254625e+07        0.0           0.0
min       9.080000     9.770000     9.040000     9.530000  1.103580e+07        0.0           0.0
25%      31.215000    31.830000    30.590000    31.185000  4.255100e+07        0.0           0.0
50%      83.300003    85.110001    81.629997    83.099998  5.597970e+07        0.0           0.0
75%     113.889999   115.410000   111.240002   113.340000  7.948910e+07        0.0           0.0
max     213.410004   227.300003   208.220001   211.380005  3.250584e+08        0.0           0.0
