# CSV STUB: AMZN_8y_1d.csv
- Size: 195.2 KB
- Shape: (2011, 8)
- Columns: ['Date', 'Open', 'High', 'Low', 'Close', 'Volume', 'Dividends', 'Stock Splits']
      Date      Open      High       Low     Close    Volume  Dividends  Stock Splits
2017-08-09 49.130001 49.400002 48.763500 49.100498  71394000        0.0           0.0
2017-08-10 48.814999 48.993000 47.734001 47.846001 113682000        0.0           0.0
2017-08-11 48.000000 48.519501 47.569000 48.399502  69360000        0.0           0.0
2017-08-14 48.920502 49.275002 48.809502 49.165001  63458000        0.0           0.0
2017-08-15 49.445000 49.587002 49.099998 49.137001  50986000        0.0           0.0
2017-08-16 49.082500 49.323002 48.660999 48.909000  62642000        0.0           0.0
2017-08-17 48.891998 48.891998 48.015999 48.028500  70248000        0.0           0.0
2017-08-18 48.070000 48.271500 47.732498 47.923500  65696000        0.0           0.0
2017-08-21 47.878502 48.060001 47.272999 47.664501  63290000        0.0           0.0
2017-08-22 47.776001 48.396500 47.775002 48.345001  55000000        0.0           0.0
2017-08-23 47.969002 48.099998 47.709999 47.900002  53366000        0.0           0.0
2017-08-24 47.870998 47.950001 47.056999 47.622501 103914000        0.0           0.0
2017-08-25 47.799999 47.881001 47.205002 47.263000  66496000        0.0           0.0
2017-08-28 47.327000 47.650002 47.112499 47.300999  51934000        0.0           0.0
2017-08-29 47.000000 47.799999 46.816502 47.702999  57486000        0.0           0.0
2017-08-30 47.922001 48.470501 47.845501 48.379501  58092000        0.0           0.0
2017-08-31 48.735001 49.049999 48.638000 49.029999  66630000        0.0           0.0
2017-09-01 49.209999 49.224998 48.844002 48.912498  50718000        0.0           0.0
2017-09-05 48.770000 48.838501 48.018501 48.263500  57664000        0.0           0.0
2017-09-06 48.416000 48.591999 48.029999 48.389999  42598000        0.0           0.0
2017-09-07 48.700001 49.029499 48.627499 48.973499  51336000        0.0           0.0
2017-09-08 48.955002 48.993999 48.173500 48.294998  52106000        0.0           0.0
2017-09-11 48.723000 49.097000 48.710999 48.897999  43734000        0.0           0.0
2017-09-12 49.163502 49.233501 48.776001 49.129002  49622000        0.0           0.0
2017-09-13 49.198502 50.000000 48.971001 49.980000  67494000        0.0           0.0
2017-09-14 49.840000 49.928001 49.387001 49.610500  78266000        0.0           0.0
2017-09-15 49.650501 49.812500 49.201500 49.339500  75204000        0.0           0.0
2017-09-18 49.520000 49.639500 48.408501 48.709499  68226000        0.0           0.0
2017-09-19 48.862499 48.911999 48.373001 48.493000  53422000        0.0           0.0
2017-09-20 48.589500 48.740501 48.108002 48.660500  57776000        0.0           0.0
              Open         High          Low        Close        Volume  Dividends  Stock Splits
count  2011.000000  2011.000000  2011.000000  2011.000000  2.011000e+03     2011.0   2011.000000
mean    131.572886   133.112618   129.903824   131.548809  7.332878e+07        0.0      0.009945
std      46.144390    46.609098    45.628439    46.124755  3.928446e+07        0.0      0.445989
min      47.000000    47.431499    46.587502    46.930000  1.500750e+07        0.0      0.000000
25%      91.405003    92.242001    90.461502    91.170750  4.781140e+07        0.0      0.000000
50%     129.690002   131.250000   127.510002   129.130005  6.278200e+07        0.0      0.000000
75%     167.682747   169.300003   165.667503   167.671745  8.778680e+07        0.0      0.000000
max     239.020004   242.520004   238.029999   242.059998  3.313000e+08        0.0     20.000000
