# CSV STUB: AMZN_5y_1d.csv
- Size: 122.9 KB
- Shape: (1256, 8)
- Columns: ['Date', 'Open', 'High', 'Low', 'Close', 'Volume', 'Dividends', 'Stock Splits']
      Date       Open       High        Low      Close    Volume  Dividends  Stock Splits
2020-08-10 158.515503 158.625504 155.076004 157.408005  63346000        0.0           0.0
2020-08-11 155.660004 157.960999 153.649994 154.033493  74362000        0.0           0.0
2020-08-12 155.399994 158.719498 155.070999 158.112000  70442000        0.0           0.0
2020-08-13 159.149506 160.876007 157.750000 158.050995  62980000        0.0           0.0
2020-08-14 158.908997 158.912003 156.000000 157.401001  55034000        0.0           0.0
2020-08-17 158.656006 159.748505 157.709000 159.120499  53824000        0.0           0.0
2020-08-18 160.600006 166.000000 160.291000 165.624496 106920000        0.0           0.0
2020-08-19 165.150497 165.794998 162.800003 163.024002  83702000        0.0           0.0
2020-08-20 162.600006 165.630997 161.899994 164.868500  66650000        0.0           0.0
2020-08-21 164.750000 165.720001 163.769501 164.235992  71518000        0.0           0.0
2020-08-24 165.507507 169.016006 162.878006 165.373001  93326000        0.0           0.0
2020-08-25 164.749496 167.869995 163.350006 167.324493  79856000        0.0           0.0
2020-08-26 167.555496 172.587006 167.228500 172.092499 130174000        0.0           0.0
2020-08-27 172.502502 172.649994 168.899994 170.000000  85296000        0.0           0.0
2020-08-28 171.149994 171.668503 169.324997 170.089996  57940000        0.0           0.0
2020-08-31 170.449493 174.750000 170.250000 172.548004  83718000        0.0           0.0
2020-09-01 174.479004 175.693497 173.350006 174.955994  68644000        0.0           0.0
2020-09-02 177.350006 177.612503 174.334503 176.572495  78630000        0.0           0.0
2020-09-03 174.250000 174.420502 165.149994 168.399994 163222000        0.0           0.0
2020-09-04 165.899994 169.074997 155.556503 164.731003 175636000        0.0           0.0
2020-09-08 157.199997 162.542496 156.500000 157.492004 121884000        0.0           0.0
2020-09-09 160.149506 165.158997 159.250000 163.430496 103774000        0.0           0.0
2020-09-10 165.360992 167.494507 158.527496 158.755493 106614000        0.0           0.0
2020-09-11 160.434494 160.867004 154.199005 155.811005 101880000        0.0           0.0
2020-09-14 158.647003 159.369507 154.800003 155.148499  90592000        0.0           0.0
2020-09-15 156.807999 158.751007 155.445999 157.806503  80430000        0.0           0.0
2020-09-16 158.999496 159.362000 153.707504 153.904999  90244000        0.0           0.0
2020-09-17 150.462494 151.471497 148.627502 150.436493 128982000        0.0           0.0
2020-09-18 151.587006 151.889999 145.276993 147.745499 177852000        0.0           0.0
2020-09-21 145.324997 148.100006 143.550003 148.023499 122358000        0.0           0.0
              Open         High          Low        Close        Volume  Dividends  Stock Splits
count  1256.000000  1256.000000  1256.000000  1256.000000  1.256000e+03     1256.0   1256.000000
mean    157.988407   159.885451   155.945572   157.946126  6.147822e+07        0.0      0.015924
std      35.481029    35.600030    35.289280    35.470102  2.902705e+07        0.0      0.564333
min      82.800003    83.480003    81.430000    81.820000  1.500750e+07        0.0      0.000000
25%     132.112499   133.660004   130.482498   132.117504  4.197400e+07        0.0      0.000000
50%     161.125748   163.000999   159.238747   161.232254  5.501095e+07        0.0      0.000000
75%     179.952503   182.060757   177.339996   179.560001  7.276645e+07        0.0      0.000000
max     239.020004   242.520004   238.029999   242.059998  2.726620e+08        0.0     20.000000
