# CSV STUB: AVGO_8y_1d.csv
- Size: 201.6 KB
- Shape: (2011, 8)
- Columns: ['Date', 'Open', 'High', 'Low', 'Close', 'Volume', 'Dividends', 'Stock Splits']
      Date      Open      High       Low     Close   Volume  Dividends  Stock Splits
2017-08-14 19.398741 19.743715 19.331160 19.716997 16736000      0.000           0.0
2017-08-15 19.890664 19.964531 19.745288 19.935455 20942000      0.000           0.0
2017-08-16 19.984958 20.017964 19.787718 19.914234 15394000      0.000           0.0
2017-08-17 19.881230 19.979457 19.382236 19.405809 22793000      0.000           0.0
2017-08-18 19.435676 19.761792 19.341378 19.595984 20126000      0.000           0.0
2017-08-21 19.794006 19.794006 19.345304 19.615625 20693000      0.000           0.0
2017-08-22 19.789295 20.131912 19.724072 20.053329 26917000      0.000           0.0
2017-08-23 19.953529 20.345653 19.911881 20.189274 27928000      0.000           0.0
2017-08-24 20.326788 20.381010 19.731923 20.042320 52119000      0.000           0.0
2017-08-25 19.822299 19.991250 19.156709 19.298943 69099000      0.000           0.0
2017-08-28 19.412888 19.460037 19.056126 19.115063 34174000      0.000           0.0
2017-08-29 18.961038 19.219573 18.862026 18.995615 33536000      0.000           0.0
2017-08-30 18.982253 19.357875 18.928816 19.332727 21924000      0.000           0.0
2017-08-31 19.379880 19.844299 19.295797 19.808151 29491000      0.000           0.0
2017-09-01 19.828584 20.065116 19.826227 19.860018 23242000      0.000           0.0
2017-09-05 19.654913 19.860013 19.411309 19.570831 24306000      0.000           0.0
2017-09-06 19.693426 19.748433 19.464752 19.596769 13996000      0.000           0.0
2017-09-07 19.628985 19.645487 19.341376 19.374380 16088000      0.000           0.0
2017-09-08 19.324871 19.362591 19.103271 19.182638 18094000      0.000           0.0
2017-09-11 19.416024 19.507178 19.331941 19.467888 16878000      0.000           0.0
2017-09-12 19.618766 19.625053 19.291865 19.420740 18396000      0.000           0.0
2017-09-13 19.317017 19.481253 19.264366 19.350021 29664000      0.000           0.0
2017-09-14 19.222714 19.449815 19.114270 19.405809 28645000      0.000           0.0
2017-09-15 19.459244 19.738995 19.261217 19.688704 50066000      0.000           0.0
2017-09-18 19.808640 19.949089 19.616117 19.711590 25743000      0.102           0.0
2017-09-19 19.818112 19.871765 19.594026 19.706858 22088000      0.000           0.0
2017-09-20 19.705278 19.716324 18.767907 19.166368 57010000      0.000           0.0
2017-09-21 19.130866 19.149803 18.793161 18.966747 28620000      0.000           0.0
2017-09-22 18.805778 18.995936 18.788420 18.876791 23100000      0.000           0.0
2017-09-25 18.715046 18.763966 18.268454 18.582489 38692000      0.000           0.0
              Open         High          Low        Close        Volume    Dividends  Stock Splits
count  2011.000000  2011.000000  2011.000000  2011.000000  2.011000e+03  2011.000000   2011.000000
mean     67.775089    68.787500    66.718026    67.798019  2.743954e+07     0.006120      0.004973
std      63.522338    64.617203    62.348157    63.541370  1.866062e+07     0.050539      0.222994
min      14.474600    16.187652    13.441071    14.494460  4.123000e+06     0.000000      0.000000
25%      23.804222    24.147904    23.455250    23.674621  1.748900e+07     0.000000      0.000000
50%      43.901417    44.402791    43.400457    43.967030  2.289000e+07     0.000000      0.000000
75%      83.029928    84.053088    82.034011    83.012810  3.078750e+07     0.000000      0.000000
max     317.000000   317.350006   304.760010   312.829987  4.350830e+08     0.590000     10.000000
