# CSV STUB: BAC_8y_1d.csv
- Size: 201.9 KB
- Shape: (2011, 8)
- Columns: ['Date', 'Open', 'High', 'Low', 'Close', 'Volume', 'Dividends', 'Stock Splits']
      Date      Open      High       Low     Close    Volume  Dividends  Stock Splits
2017-08-14 20.105940 20.321687 20.056152 20.263601  54989500       0.00           0.0
2017-08-15 20.537433 20.620413 20.288495 20.305090  45143200       0.00           0.0
2017-08-16 20.363181 20.429564 19.981474 20.072752  59188900       0.00           0.0
2017-08-17 19.973178 20.056158 19.599771 19.616365  78969300       0.00           0.0
2017-08-18 19.549983 19.832113 19.458706 19.599771  60461200       0.00           0.0
2017-08-21 19.566577 19.616365 19.201467 19.400618  70124800       0.00           0.0
2017-08-22 19.583174 19.823814 19.558280 19.774027  59228600       0.00           0.0
2017-08-23 19.591468 19.890193 19.574871 19.715937  39825500       0.00           0.0
2017-08-24 19.857007 19.865306 19.649559 19.782326  39178700       0.00           0.0
2017-08-25 19.823814 19.973177 19.707643 19.724239  43511900       0.00           0.0
2017-08-28 19.782323 19.832110 19.558278 19.682747  37155000       0.00           0.0
2017-08-29 19.267855 19.666158 19.184876 19.566582  60897200       0.00           0.0
2017-08-30 19.791766 20.050320 19.649980 19.908533  58412900       0.12           0.0
2017-08-31 20.041980 20.050320 19.833470 19.925213  62362400       0.00           0.0
2017-09-01 19.933560 20.167091 19.850155 20.092028  56233900       0.00           0.0
2017-09-05 19.875178 19.875178 19.374754 19.441477 108605400       0.00           0.0
2017-09-06 19.591597 19.666661 19.358065 19.524874  64188900       0.00           0.0
2017-09-07 19.499854 19.524876 18.974410 19.157898 103501200       0.00           0.0
2017-09-08 19.124539 19.374751 19.057816 19.091177  68365000       0.00           0.0
2017-09-11 19.366412 19.524880 19.249647 19.483179  73741000       0.00           0.0
2017-09-12 19.566571 20.041975 19.558232 19.975252  99658500       0.00           0.0
2017-09-13 19.950236 20.308874 19.908535 20.292192  86339800       0.00           0.0
2017-09-14 20.333892 20.467340 20.183766 20.217127  70051000       0.00           0.0
2017-09-15 20.192106 20.358915 20.142064 20.333893  85937600       0.00           0.0
2017-09-18 20.367253 20.659167 20.358912 20.600784  68076400       0.00           0.0
2017-09-19 20.600789 20.842660 20.534066 20.734236  56218100       0.00           0.0
2017-09-20 20.750915 21.051170 20.575768 20.901043  82289900       0.00           0.0
2017-09-21 20.892701 21.084531 20.784276 20.984446  57864000       0.00           0.0
2017-09-22 20.859339 20.909381 20.725893 20.867680  61446000       0.00           0.0
2017-09-25 20.800955 20.917720 20.500700 20.650827  62361700       0.00           0.0
              Open         High          Low        Close        Volume    Dividends  Stock Splits
count  2011.000000  2011.000000  2011.000000  2011.000000  2.011000e+03  2011.000000        2011.0
mean     30.825487    31.163404    30.489369    30.828603  5.290428e+07     0.003103           0.0
std       7.471424     7.524843     7.417194     7.468980  2.361475e+07     0.025020           0.0
min      16.909625    17.269591    15.759490    15.873625  1.205440e+07     0.000000           0.0
25%      24.971459    25.221605    24.725852    24.954644  3.740590e+07     0.000000           0.0
50%      29.067888    29.452204    28.818731    29.123253  4.709940e+07     0.000000           0.0
75%      36.798843    37.161668    36.394494    36.773266  6.122200e+07     0.000000           0.0
max      48.950001    49.310001    48.810001    48.930000  2.184033e+08     0.260000           0.0
