# CSV STUB: COST_8y_1d.csv
- Size: 198.2 KB
- Shape: (2011, 8)
- Columns: ['Date', 'Open', 'High', 'Low', 'Close', 'Volume', 'Dividends', 'Stock Splits']
      Date       Open       High        Low      Close   Volume  Dividends  Stock Splits
2017-08-14 140.527430 141.071385 139.591113 140.812790  2028400        0.0           0.0
2017-08-15 140.893064 141.231925 139.814067 139.894333  1869100        0.0           0.0
2017-08-16 140.699431 143.025343 140.547354 142.917984  3381800        0.5           0.0
2017-08-17 141.772932 143.087965 141.021489 141.853455  2650000        0.0           0.0
2017-08-18 141.325639 141.960796 140.377387 140.520523  2747900        0.0           0.0
2017-08-21 140.618865 141.495549 139.518537 140.511520  1857400        0.0           0.0
2017-08-22 140.923040 142.640630 140.923040 141.969696  2204600        0.0           0.0
2017-08-23 141.898188 142.631749 141.146744 142.569122  1731400        0.0           0.0
2017-08-24 143.132695 143.723121 135.161990 135.376694 10301700        0.0           0.0
2017-08-25 136.307048 136.816965 134.240572 136.378616  5703500        0.0           0.0
2017-08-28 135.886594 137.121118 135.260391 136.468079  3776400        0.0           0.0
2017-08-29 136.316000 137.756273 135.492989 137.371597  2446200        0.0           0.0
2017-08-30 137.505774 138.427190 136.763272 138.158813  2493500        0.0           0.0
2017-08-31 139.751185 140.681541 137.720486 140.216370  4567700        0.0           0.0
2017-09-01 140.976758 141.835560 140.627873 141.558243  2833500        0.0           0.0
2017-09-05 141.307791 142.882246 140.869442 142.363388  3413000        0.0           0.0
2017-09-06 142.408067 143.079001 141.424024 142.112854  2873700        0.0           0.0
2017-09-07 142.211284 142.774874 140.958879 142.488602  2479300        0.0           0.0
2017-09-08 141.674524 141.790824 138.686633 140.726273  3364600        0.0           0.0
2017-09-11 141.245107 141.343511 140.502604 140.770981  2442500        0.0           0.0
2017-09-12 141.048324 143.714166 140.851515 143.168472  2988400        0.0           0.0
2017-09-13 143.257908 146.666253 143.141609 145.807465  4202000        0.0           0.0
2017-09-14 145.530156 145.530156 144.599799 145.252838  2493300        0.0           0.0
2017-09-15 145.136559 145.521221 144.653478 145.190231  3757800        0.0           0.0
2017-09-18 145.082822 146.227896 143.812521 143.946716  2047100        0.0           0.0
2017-09-19 143.991474 144.617677 143.087940 144.528214  1790800        0.0           0.0
2017-09-20 144.483489 145.852194 144.259844 145.682236  2432300        0.0           0.0
2017-09-21 145.753802 145.753802 143.490518 144.456665  1738800        0.0           0.0
2017-09-22 143.937766 144.921809 143.463641 144.286652  1535900        0.0           0.0
2017-09-25 143.875218 145.548077 143.597900 145.217087  1799600        0.0           0.0
              Open         High          Low        Close        Volume    Dividends  Stock Splits
count  2011.000000  2011.000000  2011.000000  2011.000000  2.011000e+03  2011.000000        2011.0
mean    451.195368   455.275780   447.129297   451.463105  2.273047e+06     0.025987           0.0
std     250.677210   252.982545   248.260489   250.782617  1.118116e+06     0.416095           0.0
min     135.886594   136.816965   134.240572   135.376694  5.436000e+05     0.000000           0.0
25%     255.330203   256.392170   254.281927   255.339333  1.620350e+06     0.000000           0.0
50%     417.264164   422.058736   412.625967   419.056091  1.975000e+06     0.000000           0.0
75%     539.698420   542.811144   535.393251   539.633636  2.513050e+06     0.000000           0.0
max    1073.591826  1075.337145  1065.144580  1073.970825  1.800120e+07    15.000000           0.0
