# CSV STUB: CRM_8y_1d.csv
- Size: 200.8 KB
- Shape: (2011, 8)
- Columns: ['Date', 'Open', 'High', 'Low', 'Close', 'Volume', 'Dividends', 'Stock Splits']
      Date      Open      High       Low     Close   Volume  Dividends  Stock Splits
2017-08-14 88.514389 89.862576 88.326037 89.466049  4906900        0.0           0.0
2017-08-15 89.565174 90.318574 89.307430 89.912132  2531700        0.0           0.0
2017-08-16 90.259108 91.597380 90.031103 91.438766  4273700        0.0           0.0
2017-08-17 91.200850 91.686592 89.961708 90.090576  3630500        0.0           0.0
2017-08-18 90.031095 90.556490 89.495785 89.971619  3046800        0.0           0.0
2017-08-21 90.159960 91.002582 89.783263 90.962929  3512500        0.0           0.0
2017-08-22 91.627114 92.628342 91.250417 92.142593 11254400        0.0           0.0
2017-08-23 91.339629 93.807998 90.506929 92.261551 12034900        0.0           0.0
2017-08-24 92.886081 93.490782 92.539122 93.332176  5494400        0.0           0.0
2017-08-25 93.332177 94.402797 93.054610 93.282608  5311000        0.0           0.0
2017-08-28 93.262770 93.371815 92.043451 92.846420  5536100        0.0           0.0
2017-08-29 91.944333 93.302435 91.696505 93.014954  3242800        0.0           0.0
2017-08-30 93.014959 94.353231 92.777038 94.036011  3808100        0.0           0.0
2017-08-31 94.115305 94.829052 93.530426 94.660522  5098200        0.0           0.0
2017-09-01 94.918282 95.334632 94.363149 95.176025  3679600        0.0           0.0
2017-09-05 94.531659 95.651841 94.303654 95.344536  4069500        0.0           0.0
2017-09-06 95.324714 95.483320 94.422615 94.987663  4105200        0.0           0.0
2017-09-07 95.255315 96.672894 95.047140 95.889763  4917300        0.0           0.0
2017-09-08 95.780706 96.345754 95.542785 95.592354  3316400        0.0           0.0
2017-09-11 96.107836 97.366809 96.107836 96.861237  4471500        0.0           0.0
2017-09-12 96.742290 96.772036 95.314804 96.008720  4743200        0.0           0.0
2017-09-13 96.048375 96.058291 94.531667 94.779495  5610300        0.0           0.0
2017-09-14 94.551483 94.908356 93.689045 94.472183  5054600        0.0           0.0
2017-09-15 94.680367 94.789412 93.352003 93.808006  6081700        0.0           0.0
2017-09-18 94.115317 95.344544 93.917050 94.908363  5990700        0.0           0.0
2017-09-19 95.136361 95.374274 94.333399 94.521744  3521000        0.0           0.0
2017-09-20 94.254097 94.531664 93.233045 94.382965  3362600        0.0           0.0
2017-09-21 93.996357 94.273924 93.352002 94.036011  2896100        0.0           0.0
2017-09-22 93.966612 94.521745 93.738607 94.115311  2254400        0.0           0.0
2017-09-25 94.045925 94.065748 91.309897 91.666771  5821100        0.0           0.0
              Open         High          Low        Close        Volume    Dividends  Stock Splits
count  2011.000000  2011.000000  2011.000000  2011.000000  2.011000e+03  2011.000000        2011.0
mean    199.859796   202.313544   197.242380   199.832453  6.472162e+06     0.001209           0.0
std      60.965843    61.521112    60.243615    60.829197  4.220859e+06     0.022117           0.0
min      88.514389    89.862576    88.326037    89.466049  1.238000e+06     0.000000           0.0
25%     151.368624   153.549512   149.559469   151.656097  4.234300e+06     0.000000           0.0
50%     194.594856   196.686514   191.591171   194.237976  5.402400e+06     0.000000           0.0
75%     249.449052   252.531161   246.260959   248.988235  7.303150e+06     0.000000           0.0
max     365.237972   367.418589   359.542462   366.293427  6.676330e+07     0.416000           0.0
