# CSV STUB: CSCO_5y_1d.csv
- Size: 124.8 KB
- Shape: (1256, 8)
- Columns: ['Date', 'Open', 'High', 'Low', 'Close', 'Volume', 'Dividends', 'Stock Splits']
      Date      Open      High       Low     Close   Volume  Dividends  Stock Splits
2020-08-10 40.564455 41.286977 40.564455 41.054737 14999200        0.0           0.0
2020-08-11 41.200958 41.674037 40.504239 40.590252 18859600        0.0           0.0
2020-08-12 40.667667 41.398792 40.659067 41.372986 26823700        0.0           0.0
2020-08-13 37.665770 37.708777 36.452965 36.745415 91849500        0.0           0.0
2020-08-14 36.547564 36.883020 36.358331 36.556164 32539500        0.0           0.0
2020-08-17 36.599184 36.779814 36.005685 36.203518 30511700        0.0           0.0
2020-08-18 36.237906 36.375529 35.962660 36.108883 23344600        0.0           0.0
2020-08-19 36.212111 36.427148 35.936865 36.014278 20097400        0.0           0.0
2020-08-20 36.014276 36.487355 35.893856 36.392742 18443900        0.0           0.0
2020-08-21 36.169111 36.384147 35.962678 36.341141 17389600        0.0           0.0
2020-08-24 36.186302 36.530361 36.126092 36.280918 17742900        0.0           0.0
2020-08-25 36.323937 36.384147 35.936871 36.091698 15417400        0.0           0.0
2020-08-26 35.825055 36.366944 35.653025 36.341141 21625800        0.0           0.0
2020-08-27 36.470162 36.530372 36.143306 36.375546 22456800        0.0           0.0
2020-08-28 36.246513 36.384136 36.126093 36.298122 16573600        0.0           0.0
2020-08-31 36.212111 36.427147 36.074488 36.315331 21298000        0.0           0.0
2020-09-01 36.126098 36.186308 35.696025 36.151901 23325100        0.0           0.0
2020-09-02 36.160505 36.719598 36.151902 36.487358 30045700        0.0           0.0
2020-09-03 35.911066 35.979879 34.982107 35.222950 39288100        0.0           0.0
2020-09-04 35.437986 35.635819 34.784274 35.111130 34867400        0.0           0.0
2020-09-08 34.448810 34.930493 34.380000 34.405804 29101800        0.0           0.0
2020-09-09 34.491821 34.818677 34.164968 34.517628 23351600        0.0           0.0
2020-09-10 34.431608 34.956297 33.906919 34.035942 25108800        0.0           0.0
2020-09-11 34.207981 34.448820 33.992944 34.302597 21853000        0.0           0.0
2020-09-14 34.595036 34.956296 34.448810 34.724056 19866700        0.0           0.0
2020-09-15 34.844488 35.128338 34.732672 34.921902 19024100        0.0           0.0
2020-09-16 35.025109 35.412172 34.741260 34.767063 24310200        0.0           0.0
2020-09-17 34.113354 34.749863 33.984331 34.724056 22225900        0.0           0.0
2020-09-18 34.560643 34.681062 34.044557 34.242390 44450800        0.0           0.0
2020-09-21 33.812310 33.949933 33.279018 33.580070 28495000        0.0           0.0
              Open         High          Low        Close        Volume    Dividends  Stock Splits
count  1256.000000  1256.000000  1256.000000  1256.000000  1.256000e+03  1256.000000        1256.0
mean     47.940382    48.356223    47.543114    47.963480  2.011254e+07     0.006131           0.0
std       7.512176     7.553480     7.469913     7.522061  8.854299e+06     0.048251           0.0
min      30.825494    31.190075    30.625836    30.981749  5.720500e+06     0.000000           0.0
25%      43.898885    44.234814    43.476607    43.915120  1.512240e+07     0.000000           0.0
50%      47.304106    47.655607    46.875084    47.236702  1.796025e+07     0.000000           0.0
75%      50.912411    51.257543    50.511463    50.904608  2.221578e+07     0.000000           0.0
max      70.239998    72.019997    70.220001    71.790001  9.767460e+07     0.410000           0.0
