# CSV STUB: CSCO_8y_1d.csv
- Size: 200.1 KB
- Shape: (2011, 8)
- Columns: ['Date', 'Open', 'High', 'Low', 'Close', 'Volume', 'Dividends', 'Stock Splits']
      Date      Open      High       Low     Close   Volume  Dividends  Stock Splits
2017-08-09 24.776772 24.878864 24.627562 24.831745 16131300        0.0           0.0
2017-08-10 24.784634 24.784634 24.344856 24.344856 23517400        0.0           0.0
2017-08-11 24.525475 24.776776 24.376266 24.713951 20756600        0.0           0.0
2017-08-14 24.886723 25.043786 24.784631 25.004520 21761600        0.0           0.0
2017-08-15 25.012368 25.295081 25.004514 25.200844 25251500        0.0           0.0
2017-08-16 25.208699 25.499269 25.177289 25.397177 29052000        0.0           0.0
2017-08-17 24.729657 24.949546 24.227054 24.376265 53288800        0.0           0.0
2017-08-18 24.344851 24.391970 23.842248 23.850101 34802200        0.0           0.0
2017-08-21 23.850100 24.187785 23.842246 24.093548 24198400        0.0           0.0
2017-08-22 24.227053 24.604005 24.148521 24.556887 24747200        0.0           0.0
2017-08-23 24.509768 24.658978 24.274173 24.282026 22436600        0.0           0.0
2017-08-24 24.305584 24.658976 24.266317 24.533325 22576100        0.0           0.0
2017-08-25 24.651121 24.973101 24.627562 24.690388 19558300        0.0           0.0
2017-08-28 24.816043 24.863162 24.666833 24.768925 12958900        0.0           0.0
2017-08-29 24.549032 24.839599 24.494060 24.721802 16362700        0.0           0.0
2017-08-30 24.713945 25.287228 24.674680 25.122311 22988700        0.0           0.0
2017-08-31 25.208699 25.397176 25.122315 25.295084 27800200        0.0           0.0
2017-09-01 25.302935 25.405024 25.153723 25.365759 14686600        0.0           0.0
2017-09-05 25.247964 25.318643 24.706093 24.831745 32475500        0.0           0.0
2017-09-06 24.933837 25.059488 24.839599 25.028076 16962300        0.0           0.0
2017-09-07 25.098751 25.106605 24.925982 24.941689 14751700        0.0           0.0
2017-09-08 24.878866 24.957398 24.706095 24.721802 15339500        0.0           0.0
2017-09-11 24.902425 25.365762 24.871013 25.279377 22440800        0.0           0.0
2017-09-12 25.365755 25.499261 25.279370 25.452141 18923100        0.0           0.0
2017-09-13 25.397177 25.436442 25.098755 25.271526 22705100        0.0           0.0
2017-09-14 25.059489 25.302939 25.059489 25.279377 18194800        0.0           0.0
2017-09-15 25.287232 25.522826 25.224405 25.475706 29336100        0.0           0.0
2017-09-18 25.467859 25.648482 25.334354 25.538538 17290900        0.0           0.0
2017-09-19 25.491415 25.640627 25.444298 25.514977 12927700        0.0           0.0
2017-09-20 25.562089 25.719153 25.436439 25.601355 19865400        0.0           0.0
              Open         High          Low        Close        Volume    Dividends  Stock Splits
count  2011.000000  2011.000000  2011.000000  2011.000000  2.011000e+03  2011.000000        2011.0
mean     43.864300    44.261648    43.473484    43.878865  2.118404e+07     0.005828           0.0
std       8.616751     8.653902     8.580784     8.624073  9.721882e+06     0.046003           0.0
min      23.850100    24.187785    23.842246    23.850101  5.720500e+06     0.000000           0.0
25%      38.080396    38.471069    37.706935    38.113527  1.559755e+07     0.000000           0.0
50%      44.115545    44.519130    43.774251    44.171276  1.874470e+07     0.000000           0.0
75%      48.626758    49.037370    48.233100    48.606428  2.336600e+07     0.000000           0.0
max      70.239998    72.019997    70.220001    71.790001  1.069283e+08     0.410000           0.0
