# CSV STUB: DIS_8y_1d.csv
- Size: 200.5 KB
- Shape: (2011, 8)
- Columns: ['Date', 'Open', 'High', 'Low', 'Close', 'Volume', 'Dividends', 'Stock Splits']
      Date      Open      High       Low     Close   Volume  Dividends  Stock Splits
2017-08-09 95.566226 97.739265 95.366953 97.577950 27877600        0.0           0.0
2017-08-10 97.264803 97.568459 96.050181 96.173538 12259900        0.0           0.0
2017-08-11 96.078643 97.274291 95.869879 96.780846  9410400        0.0           0.0
2017-08-14 97.549482 97.558966 96.088137 96.220985  9707300        0.0           0.0
2017-08-15 96.439214 96.885210 96.183008 96.325348  8868500        0.0           0.0
2017-08-16 96.638497 97.407131 96.524630 96.980110  6698800        0.0           0.0
2017-08-17 97.018072 97.350194 96.164038 96.201996  6612400        0.0           0.0
2017-08-18 96.145068 96.543615 95.518782 95.556732  6893900        0.0           0.0
2017-08-21 95.499802 96.239963 95.395420 96.002731  6492700        0.0           0.0
2017-08-22 96.230480 97.653868 96.002733 97.521011  6888700        0.0           0.0
2017-08-23 97.245829 97.720292 96.296905 96.315880  5954400        0.0           0.0
2017-08-24 96.619534 96.818808 96.249454 96.334854  6976600        0.0           0.0
2017-08-25 96.496171 97.445095 96.372806 97.179398  6186900        0.0           0.0
2017-08-28 97.255307 97.596921 96.866252 97.321732  5630400        0.0           0.0
2017-08-29 96.790336 97.729769 96.619529 97.331223  6011700        0.0           0.0
2017-08-30 97.245833 98.166284 97.245833 97.615913  6573200        0.0           0.0
2017-08-31 97.739272 97.919570 95.841422 96.031204  9823800        0.0           0.0
2017-09-01 96.458220 96.714427 96.183031 96.315880  7827400        0.0           0.0
2017-09-05 96.790338 97.312250 95.746522 96.410767  9346100        0.0           0.0
2017-09-06 96.562602 96.828300 95.737035 96.315880  7531000        0.0           0.0
2017-09-07 96.363332 96.657496 91.286577 92.102654 26419400        0.0           0.0
2017-09-08 91.561751 92.510676 91.343502 92.112129 13147700        0.0           0.0
2017-09-11 92.899745 93.013612 92.007754 92.131111  9610300        0.0           0.0
2017-09-12 92.605571 93.336247 92.169066 92.890251  9151700        0.0           0.0
2017-09-13 93.222388 93.896124 93.013623 93.772766  7615300        0.0           0.0
2017-09-14 93.744292 93.791734 92.558136 92.899750  9710000        0.0           0.0
2017-09-15 93.042094 93.877146 92.994645 93.488083 23870300        0.0           0.0
2017-09-18 93.364712 93.677859 92.728934 93.089523  7013600        0.0           0.0
2017-09-19 93.212890 93.630412 93.070550 93.402672  6970300        0.0           0.0
2017-09-20 93.715824 94.209262 93.582975 94.142838  6459100        0.0           0.0
              Open         High          Low        Close        Volume    Dividends  Stock Splits
count  2011.000000  2011.000000  2011.000000  2011.000000  2.011000e+03  2011.000000        2011.0
mean    117.225997   118.395236   115.945673   117.175523  1.112238e+07     0.003018           0.0
std      27.353798    27.567127    27.050471    27.286439  6.978632e+06     0.047361           0.0
min      77.802972    78.481658    77.439041    78.019363  2.217600e+06     0.000000           0.0
25%      96.887332    97.879851    95.966030    96.956768  7.250200e+06     0.000000           0.0
50%     109.134604   110.222996   108.068427   109.037483  9.250200e+06     0.000000           0.0
75%     131.539985   132.904832   129.791199   131.295639  1.240025e+07     0.000000           0.0
max     196.907412   199.691012   192.195949   198.599213  8.741070e+07     0.880000           0.0
