# CSV STUB: DIS_5y_1d.csv
- Size: 125.0 KB
- Shape: (1256, 8)
- Columns: ['Date', 'Open', 'High', 'Low', 'Close', 'Volume', 'Dividends', 'Stock Splits']
      Date       Open       High        Low      Close   Volume  Dividends  Stock Splits
2020-08-10 127.622434 129.166698 126.383100 126.678169  8529200        0.0           0.0
2020-08-11 128.389649 130.583078 127.868341 128.350311 13885700        0.0           0.0
2020-08-12 128.527368 130.819164 128.350326 129.628998 12204200        0.0           0.0
2020-08-13 128.497847 130.179814 128.310960 128.812607  6468600        0.0           0.0
2020-08-14 127.878156 128.930618 127.612594 128.389633  6507600        0.0           0.0
2020-08-17 127.966706 128.006043 126.432273 127.248665  7492200        0.0           0.0
2020-08-18 127.317538 127.465073 126.255246 126.806061  6714600        0.0           0.0
2020-08-19 127.130647 128.084743 125.340490 125.674911  7624200        0.0           0.0
2020-08-20 124.720817 126.343756 124.455240 126.019165  4918100        0.0           0.0
2020-08-21 125.625726 126.206048 125.143763 125.350319  6064700        0.0           0.0
2020-08-24 126.048669 128.733914 125.832282 128.547028  7613600        0.0           0.0
2020-08-25 128.684736 128.940468 127.189656 127.661781  5494400        0.0           0.0
2020-08-26 127.868357 130.425730 127.396232 130.012604  8447800        0.0           0.0
2020-08-27 130.819160 134.124066 130.642119 131.537186 13667600        0.0           0.0
2020-08-28 132.294565 134.556854 131.389652 133.317505 11020100        0.0           0.0
2020-08-31 133.032269 133.317508 129.097858 129.707687 11617500        0.0           0.0
2020-09-01 129.756861 131.419152 128.743751 131.360138  7351200        0.0           0.0
2020-09-02 131.438817 133.691261 131.074874 133.169952  8187800        0.0           0.0
2020-09-03 133.022442 134.989648 129.855240 131.055237 12079200        0.0           0.0
2020-09-04 131.556834 132.668309 127.297833 129.825699 11248300        0.0           0.0
2020-09-08 129.825713 134.891260 128.714237 131.999466 17257300        0.0           0.0
2020-09-09 132.078146 133.327325 130.091264 131.173233  8891800        0.0           0.0
2020-09-10 131.389620 134.507638 130.563397 131.035522  9853400        0.0           0.0
2020-09-11 131.547020 131.547020 128.940464 129.589645  7165300        0.0           0.0
2020-09-14 130.356865 130.750300 128.753588 129.097855  8391900        0.0           0.0
2020-09-15 129.304406 130.366684 128.861773 129.088013  7289100        0.0           0.0
2020-09-16 130.002778 131.428999 129.245399 129.924088  6601000        0.0           0.0
2020-09-17 128.409323 129.609319 126.491301 128.084732  6723500        0.0           0.0
2020-09-18 127.376535 128.645376 126.019158 126.520805  9916300        0.0           0.0
2020-09-21 123.914260 124.809335 121.563443 123.353607 10352700        0.0           0.0
              Open         High          Low        Close        Volume    Dividends  Stock Splits
count  1256.000000  1256.000000  1256.000000  1256.000000  1.256000e+03  1256.000000        1256.0
mean    119.452513   120.715912   118.118084   119.409933  1.138558e+07     0.001393           0.0
std      32.178437    32.456332    31.792847    32.098643  6.880447e+06     0.025090           0.0
min      77.802972    78.481650    77.439034    78.019356  2.475000e+06     0.000000           0.0
25%      94.089614    94.907823    92.811651    93.914354  7.748850e+06     0.000000           0.0
50%     109.562781   110.899202   108.183661   109.505501  9.707600e+06     0.000000           0.0
75%     139.627315   142.123197   138.751901   140.192875  1.271698e+07     0.000000           0.0
max     196.907412   199.691012   192.195949   198.599213  8.741070e+07     0.500000           0.0
