# CSV STUB: GOOGL_8y_1d.csv
- Size: 201.3 KB
- Shape: (2011, 8)
- Columns: ['Date', 'Open', 'High', 'Low', 'Close', 'Volume', 'Dividends', 'Stock Splits']
      Date      Open      High       Low     Close   Volume  Dividends  Stock Splits
2017-08-09 46.642766 46.906683 46.417615 46.723782 28018000        0.0           0.0
2017-08-10 46.471296 46.535907 45.814237 45.904198 54148000        0.0           0.0
2017-08-11 45.910166 46.389788 45.786408 46.227264 32334000        0.0           0.0
2017-08-14 46.673580 46.771492 46.445946 46.666622 23012000        0.0           0.0
2017-08-15 46.770998 46.872391 46.552809 46.624378 22130000        0.0           0.0
2017-08-16 46.781929 47.211849 46.721789 46.932030 26906000        0.0           0.0
2017-08-17 46.866422 46.909165 46.105486 46.106480 33914000        0.0           0.0
2017-08-18 46.072683 46.273479 45.897237 46.032921 26748000        0.0           0.0
2017-08-21 46.012551 46.135808 45.656187 45.769009 26024000        0.0           0.0
2017-08-22 46.071690 46.817219 46.032425 46.739685 35502000        0.0           0.0
2017-08-23 46.570702 46.989690 46.483229 46.848042 22690000        0.0           0.0
2017-08-24 46.904198 47.033420 46.259562 46.565231 25892000        0.0           0.0
2017-08-25 46.680536 46.756083 46.227754 46.247635 23746000        0.0           0.0
2017-08-28 46.316227 46.463840 46.029445 46.129845 20988000        0.0           0.0
2017-08-29 45.723280 46.629842 45.691470 46.508568 23172000        0.0           0.0
2017-08-30 46.504597 47.011058 46.424078 46.900223 22406000        0.0           0.0
2017-08-31 47.032927 47.574680 47.030443 47.477264 33866000        0.0           0.0
2017-09-01 47.588100 47.630843 47.230742 47.315731 20858000        0.0           0.0
2017-09-05 47.060759 47.285910 46.501116 46.793365 29148000        0.0           0.0
2017-09-06 46.912149 46.943459 46.355983 46.820202 27830000        0.0           0.0
2017-09-07 46.931041 47.241678 46.597041 47.211357 22332000        0.0           0.0
2017-09-08 47.201913 47.251614 46.720300 46.789883 19998000        0.0           0.0
2017-09-11 47.077658 47.350022 46.769504 46.883324 26748000        0.0           0.0
2017-09-12 47.063743 47.121893 46.595550 47.050323 25696000        0.0           0.0
2017-09-13 46.993168 47.358477 46.955392 47.238693 21908000        0.0           0.0
2017-09-14 47.018014 47.118911 46.638292 46.726265 28548000        0.0           0.0
2017-09-15 46.724277 46.806783 46.284911 46.485706 39886000        0.0           0.0
2017-09-18 46.471794 46.563741 45.994159 46.210361 29474000        0.0           0.0
2017-09-19 46.392271 46.617419 46.056782 46.563740 24854000        0.0           0.0
2017-09-20 46.606981 47.216823 46.595549 47.094555 40080000        0.0           0.0
              Open         High          Low        Close        Volume    Dividends  Stock Splits
count  2011.000000  2011.000000  2011.000000  2011.000000  2.011000e+03  2011.000000   2011.000000
mean    103.913650   105.086010   102.798752   103.965501  3.383635e+07     0.000502      0.009945
std      43.214928    43.695046    42.750201    43.222016  1.524636e+07     0.010064      0.445989
min      45.723280    46.135808    45.656187    45.769009  9.312000e+06     0.000000      0.000000
25%      60.256122    60.747181    59.850063    60.213381  2.411015e+07     0.000000      0.000000
50%     101.143413   102.455536    99.726399   101.014183  3.014200e+07     0.000000      0.000000
75%     137.738939   139.085846   136.267748   137.777206  3.847570e+07     0.000000      0.000000
max     202.910386   206.561759   202.331752   205.893341  1.331780e+08     0.210000     20.000000
