# CSV STUB: GOOGL_5y_1d.csv
- Size: 126.4 KB
- Shape: (1256, 8)
- Columns: ['Date', 'Open', 'High', 'Low', 'Close', 'Volume', 'Dividends', 'Stock Splits']
      Date      Open      High       Low     Close   Volume  Dividends  Stock Splits
2020-08-10 74.095613 74.908237 73.434076 74.394821 20546000        0.0           0.0
2020-08-11 74.254670 75.071776 73.468886 73.585686 31098000        0.0           0.0
2020-08-12 73.912728 75.132911 73.807357 74.912727 22512000        0.0           0.0
2020-08-13 74.960928 76.390359 74.960928 75.380409 22388000        0.0           0.0
2020-08-14 75.229326 75.536489 74.503181 74.783005 21942000        0.0           0.0
2020-08-17 75.346623 75.734798 74.801393 75.360039 19990000        0.0           0.0
2020-08-18 75.851088 77.404273 75.629919 77.325249 28378000        0.0           0.0
2020-08-19 77.161729 77.975354 76.540955 76.770081 30472000        0.0           0.0
2020-08-20 76.539463 78.537482 76.265608 78.342651 26382000        0.0           0.0
2020-08-21 78.121485 79.119505 77.649819 78.308868 34838000        0.0           0.0
2020-08-24 79.148811 79.959456 78.282509 78.784996 25638000        0.0           0.0
2020-08-25 78.533997 79.964421 78.423659 79.813828 25150000        0.0           0.0
2020-08-26 79.836197 82.146840 79.571784 81.716415 52188000        0.0           0.0
2020-08-27 81.839678 81.908267 80.457965 80.940575 31350000        0.0           0.0
2020-08-28 80.987794 81.578247 80.795944 81.482819 22418000        0.0           0.0
2020-08-31 81.688587 81.734811 80.782029 80.990776 26422000        0.0           0.0
2020-09-01 81.121487 82.466417 80.990770 82.260651 22652000        0.0           0.0
2020-09-02 82.903299 85.790487 82.514632 85.357582 49522000        0.0           0.0
2020-09-03 84.469404 84.493263 79.906271 80.989777 63726000        0.0           0.0
2020-09-04 79.970385 81.262137 76.440059 78.589172 55850000        0.0           0.0
2020-09-08 75.795435 77.313826 75.372966 75.725853 54032000        0.0           0.0
2020-09-09 76.983305 77.471375 75.803878 76.900307 39242000        0.0           0.0
2020-09-10 77.046923 78.213920 75.546916 75.847610 33024000        0.0           0.0
2020-09-11 75.951988 76.476339 74.205959 75.336182 30706000        0.0           0.0
2020-09-14 76.125942 77.385887 74.806857 74.991745 42660000        0.0           0.0
2020-09-15 75.939068 77.087181 75.651296 76.298409 23042000        0.0           0.0
2020-09-16 76.664212 77.255166 75.128918 75.153770 22128000        0.0           0.0
2020-09-17 73.847611 74.486282 72.687075 73.908745 40008000        0.0           0.0
2020-09-18 73.971376 74.314321 71.154272 72.121964 63056000        0.0           0.0
2020-09-21 71.154268 71.573749 69.715895 71.080711 56908000        0.0           0.0
              Open         High          Low        Close        Volume    Dividends  Stock Splits
count  1256.000000  1256.000000  1256.000000  1256.000000  1.256000e+03  1256.000000   1256.000000
mean    131.120613   132.642202   129.691417   131.184849  3.218988e+07     0.000804      0.015924
std      31.415981    31.658602    31.124200    31.399160  1.365965e+07     0.012727      0.564333
min      69.715892    71.470862    69.689546    70.049385  9.312000e+06     0.000000      0.000000
25%     104.890932   106.458402   103.826693   105.123289  2.328350e+07     0.000000      0.000000
50%     131.133557   132.724007   129.841303   131.685249  2.882075e+07     0.000000      0.000000
75%     154.483504   156.282717   152.545274   154.475552  3.684585e+07     0.000000      0.000000
max     202.910386   206.561759   202.331752   205.893341  1.274901e+08     0.210000     20.000000
