# CSV STUB: HD_8y_1d.csv
- Size: 199.7 KB
- Shape: (2011, 8)
- Columns: ['Date', 'Open', 'High', 'Low', 'Close', 'Volume', 'Dividends', 'Stock Splits']
      Date       Open       High        Low      Close   Volume  Dividends  Stock Splits
2017-08-14 128.629466 128.637717 126.585114 127.162148  6662500       0.00           0.0
2017-08-15 127.178658 127.607317 122.216148 123.790634 13528700       0.00           0.0
2017-08-16 124.845762 126.082267 124.606710 125.505234  6043900       0.00           0.0
2017-08-17 125.142482 125.422753 123.328945 123.378403  4460900       0.00           0.0
2017-08-18 123.328964 123.328964 121.144478 121.581375  6989100       0.00           0.0
2017-08-21 121.259891 123.551545 121.086775 122.990990  4222500       0.00           0.0
2017-08-22 123.065212 124.128613 123.065212 123.576309  3268100       0.00           0.0
2017-08-23 122.479926 123.221824 121.531931 122.908585  5235400       0.00           0.0
2017-08-24 123.427893 124.145074 121.985304 122.207878  3736000       0.00           0.0
2017-08-25 122.422241 124.087405 122.331563 123.361984  3048000       0.00           0.0
2017-08-28 125.249683 125.620632 124.004927 124.796295  6845400       0.00           0.0
2017-08-29 124.439774 125.128008 123.577387 124.249046  5368700       0.89           0.0
2017-08-30 124.381653 124.588956 123.784620 124.381653  3641000       0.00           0.0
2017-08-31 124.887570 125.152911 124.257374 124.273949  6083300       0.00           0.0
2017-09-01 124.597280 125.161150 124.182674 125.028473  3383000       0.00           0.0
2017-09-05 125.799676 127.632226 125.791376 126.811302  7488800       0.00           0.0
2017-09-06 128.411648 130.211035 127.822902 129.821304  8126000       0.00           0.0
2017-09-07 131.156336 132.076761 130.012021 130.957321  8273100       0.00           0.0
2017-09-08 131.919235 133.245978 130.617380 132.391891 10088600       0.00           0.0
2017-09-11 131.363637 131.628991 129.539375 131.322174  8847900       0.00           0.0
2017-09-12 131.894332 133.444953 131.604116 132.599167  5794600       0.00           0.0
2017-09-13 132.997203 133.818127 132.300669 132.690399  4713700       0.00           0.0
2017-09-14 132.964050 133.378655 132.118251 132.159714  5290800       0.00           0.0
2017-09-15 132.657216 132.665517 131.255847 131.347061  9124200       0.00           0.0
2017-09-18 131.844597 131.844597 130.758333 130.857834  4010600       0.00           0.0
2017-09-19 130.849579 131.280773 130.318884 130.733490  3713400       0.00           0.0
2017-09-20 130.658842 132.168000 130.484702 131.579254  4599200       0.00           0.0
2017-09-21 131.736813 132.308971 131.612436 132.002167  3082100       0.00           0.0
2017-09-22 131.960664 132.748412 131.852862 132.648911  3576500       0.00           0.0
2017-09-25 132.715278 133.859581 132.466512 133.585953  4897700       0.00           0.0
              Open         High          Low        Close        Volume    Dividends  Stock Splits
count  2011.000000  2011.000000  2011.000000  2011.000000  2.011000e+03  2011.000000        2011.0
mean    259.490485   262.023769   257.006713   259.595264  4.130351e+06     0.026604           0.0
std      79.018875    79.711960    78.294246    79.006061  1.968240e+06     0.216755           0.0
min     121.259891   123.221824   121.086775   121.581375  1.093900e+06     0.000000           0.0
25%     179.947848   181.958642   178.720628   180.328262  2.912150e+06     0.000000           0.0
50%     271.257024   274.767531   268.372284   271.412933  3.650600e+06     0.000000           0.0
75%     317.907306   321.025828   315.624011   318.707901  4.624000e+06     0.000000           0.0
max     426.970137   431.629822   422.703885   426.002350  1.975280e+07     2.300000           0.0
