# CSV STUB: INTC_5y_1d.csv
- Size: 125.2 KB
- Shape: (1256, 8)
- Columns: ['Date', 'Open', 'High', 'Low', 'Close', 'Volume', 'Dividends', 'Stock Splits']
      Date      Open      High       Low     Close   Volume  Dividends  Stock Splits
2020-08-10 43.259380 44.327401 43.133731 44.174828 37442600        0.0           0.0
2020-08-11 44.542795 44.632543 43.133725 43.250397 35348100        0.0           0.0
2020-08-12 43.681197 44.210720 43.295276 44.147896 30659800        0.0           0.0
2020-08-13 44.210723 44.273551 43.429901 43.582478 24774500        0.0           0.0
2020-08-14 43.735044 44.165842 43.663246 43.878643 22321200        0.0           0.0
2020-08-17 44.076089 44.255589 43.735039 43.914539 20018300        0.0           0.0
2020-08-18 44.210721 44.488946 43.636323 43.663250 19251400        0.0           0.0
2020-08-19 43.788889 43.959413 43.304240 43.376041 27775000        0.0           0.0
2020-08-20 44.704349 45.054372 43.977375 44.129948 55081300        0.0           0.0
2020-08-21 43.995320 44.255595 43.663247 44.228668 34621500        0.0           0.0
2020-08-24 44.210718 44.336371 43.815821 44.103020 36295300        0.0           0.0
2020-08-25 44.291499 44.767175 44.165850 44.363300 38384300        0.0           0.0
2020-08-26 44.327394 44.578692 44.183794 44.470993 28616600        0.0           0.0
2020-08-27 44.686388 44.812037 44.129937 44.336365 24420600        0.0           0.0
2020-08-28 44.488936 45.592857 44.390211 45.260784 35384700        0.0           0.0
2020-08-31 45.772364 46.221112 45.162065 45.727489 46114100        0.0           0.0
2020-09-01 45.691588 45.772363 45.072316 45.583889 30472800        0.0           0.0
2020-09-02 45.960832 47.280154 45.853133 46.894230 53000700        0.0           0.0
2020-09-03 47.118612 47.226310 45.000517 45.224892 47394300        0.0           0.0
2020-09-04 45.350542 45.978790 44.417147 44.946671 43318400        0.0           0.0
2020-09-08 44.210725 44.785127 43.842752 43.896603 39752700        0.0           0.0
2020-09-09 44.453050 44.847951 44.013278 44.533825 33437300        0.0           0.0
2020-09-10 44.874865 44.955640 43.717093 43.941467 32649100        0.0           0.0
2020-09-11 44.210718 44.919742 43.932496 44.228668 29333600        0.0           0.0
2020-09-14 43.842737 44.623562 43.842737 44.345337 27212500        0.0           0.0
2020-09-15 44.686385 45.413356 44.632534 44.874859 27598300        0.0           0.0
2020-09-16 45.332589 45.799288 45.027440 45.206940 26531400        0.0           0.0
2020-09-17 44.309437 45.314636 44.246612 45.162060 26959900        0.0           0.0
2020-09-18 45.171043 45.323616 44.013271 44.776142 50123500        0.0           0.0
2020-09-21 44.327394 44.650493 43.824797 44.623569 27377100        0.0           0.0
              Open         High          Low        Close        Volume    Dividends  Stock Splits
count  1256.000000  1256.000000  1256.000000  1256.000000  1.256000e+03  1256.000000        1256.0
mean     36.442194    36.947527    35.929207    36.430110  4.821876e+07     0.003421           0.0
std      11.095476    11.163945    11.018769    11.095271  3.281617e+07     0.032658           0.0
min      18.070000    18.990000    17.670000    18.129999  1.131490e+07     0.000000           0.0
25%      26.805335    27.311521    26.423624    26.942440  2.887440e+07     0.000000           0.0
50%      35.316114    35.771718    34.775637    35.147696  3.803135e+07     0.000000           0.0
75%      45.780902    46.399095    45.078245    45.733798  5.578242e+07     0.000000           0.0
max      62.028760    62.292520    60.600826    62.083336  3.008959e+08     0.365000           0.0
