# CSV STUB: INTC_8y_1d.csv
- Size: 200.4 KB
- Shape: (2011, 8)
- Columns: ['Date', 'Open', 'High', 'Low', 'Close', 'Volume', 'Dividends', 'Stock Splits']
      Date      Open      High       Low     Close   Volume  Dividends  Stock Splits
2017-08-09 30.277475 30.594604 30.060493 30.536186 22796800        0.0           0.0
2017-08-10 30.377631 30.511159 30.135611 30.160646 22693300        0.0           0.0
2017-08-11 30.260794 30.377634 29.868558 29.935320 19275100        0.0           0.0
2017-08-14 30.143958 30.436053 30.110579 30.327560 18469400        0.0           0.0
2017-08-15 30.294169 30.310860 29.893585 30.043804 21706600        0.0           0.0
2017-08-16 30.027120 30.102230 29.676611 29.885248 22014000        0.0           0.0
2017-08-17 29.709990 29.776756 29.351133 29.351133 19525000        0.0           0.0
2017-08-18 29.451286 29.467977 29.200921 29.217609 16231400        0.0           0.0
2017-08-21 29.284366 29.442929 28.958892 29.142490 26493300        0.0           0.0
2017-08-22 29.225947 29.367819 28.892125 28.917164 26097800        0.0           0.0
2017-08-23 28.825365 29.050694 28.691837 28.925510 19648100        0.0           0.0
2017-08-24 28.958893 29.117457 28.833710 28.967237 14301900        0.0           0.0
2017-08-25 29.059037 29.150838 28.858747 28.933853 14726800        0.0           0.0
2017-08-28 29.025653 29.042344 28.867090 28.917164 20712900        0.0           0.0
2017-08-29 28.800327 29.000620 28.758600 28.983929 15843700        0.0           0.0
2017-08-30 29.000622 29.175877 28.900477 29.117458 18565000        0.0           0.0
2017-08-31 29.159179 29.359473 29.100761 29.267672 16366800        0.0           0.0
2017-09-01 29.409548 29.534729 29.267673 29.284365 12822000        0.0           0.0
2017-09-05 29.225954 29.484666 29.150844 29.225954 18772000        0.0           0.0
2017-09-06 29.392859 29.993733 29.301058 29.843513 28076400        0.0           0.0
2017-09-07 29.943659 30.002078 29.484657 29.659912 16297100        0.0           0.0
2017-09-08 29.559773 29.659921 29.276029 29.367826 14125000        0.0           0.0
2017-09-11 29.618189 30.043808 29.326094 29.851862 20037600        0.0           0.0
2017-09-12 29.943663 30.327555 29.826826 30.118917 19489900        0.0           0.0
2017-09-13 30.043807 30.377628 30.018771 30.319210 15509800        0.0           0.0
2017-09-14 30.202371 30.627993 30.177335 30.444391 18093900        0.0           0.0
2017-09-15 30.502807 30.945121 30.227407 30.878355 33596100        0.0           0.0
2017-09-18 30.878355 31.153758 30.711444 30.878355 19393800        0.0           0.0
2017-09-19 31.045273 31.128727 30.895054 31.070309 23850500        0.0           0.0
2017-09-20 31.070301 31.120375 30.594608 30.936773 23957500        0.0           0.0
              Open         High          Low        Close        Volume    Dividends  Stock Splits
count  2011.000000  2011.000000  2011.000000  2011.000000  2.011000e+03  2011.000000        2011.0
mean     39.214250    39.730659    38.701949    39.215452  4.002810e+07     0.003988           0.0
std      10.268009    10.339597    10.194041    10.273613  2.921491e+07     0.035121           0.0
min      18.070000    18.990000    17.670000    18.129999  6.313200e+06     0.000000           0.0
25%      30.921957    31.207920    30.471700    30.869179  2.281080e+07     0.000000           0.0
50%      41.257709    41.731103    40.654014    41.162647  3.166170e+07     0.000000           0.0
75%      46.447807    47.086787    45.921835    46.465103  4.631555e+07     0.000000           0.0
max      62.028768    62.292528    60.600818    62.083328  3.008959e+08     0.365000           0.0
