# CSV STUB: JPM_8y_1d.csv
- Size: 200.4 KB
- Shape: (2011, 8)
- Columns: ['Date', 'Open', 'High', 'Low', 'Close', 'Volume', 'Dividends', 'Stock Splits']
      Date      Open      High       Low     Close   Volume  Dividends  Stock Splits
2017-08-09 74.629945 75.191794 74.509547 75.071396 11214400        0.0           0.0
2017-08-10 74.565742 74.702190 73.899545 73.995865 13252300        0.0           0.0
2017-08-11 73.947677 74.381106 73.233324 73.377800 10679500        0.0           0.0
2017-08-14 74.140297 74.565698 74.108190 74.236610 10994800        0.0           0.0
2017-08-15 74.894797 75.095459 74.365055 74.429268  8812700        0.0           0.0
2017-08-16 74.678097 74.830602 73.747026 73.915581 11085400        0.0           0.0
2017-08-17 73.650702 73.811229 72.639368 72.759766 13837500        0.0           0.0
2017-08-18 72.486878 73.474135 72.390565 72.832016 13040700        0.0           0.0
2017-08-21 72.920281 72.992522 72.366460 72.743698 11502100        0.0           0.0
2017-08-22 73.096879 73.610571 73.040694 73.490173  9211800        0.0           0.0
2017-08-23 72.936356 74.116239 72.912271 73.578468  8811300        0.0           0.0
2017-08-24 73.787156 73.939661 73.369784 73.458069  8623200        0.0           0.0
2017-08-25 73.747015 74.228607 73.682808 73.755043 11794600        0.0           0.0
2017-08-28 73.971786 73.995865 73.145056 73.522301  7292900        0.0           0.0
2017-08-29 72.599259 73.289534 72.486889 73.120979 10886100        0.0           0.0
2017-08-30 73.241356 73.747020 73.193199 73.289513  9165300        0.0           0.0
2017-08-31 73.690848 73.722954 72.880180 72.952415 13217400        0.0           0.0
2017-09-01 73.241351 74.132288 73.000555 73.602539  9815800        0.0           0.0
2017-09-05 73.056739 73.128980 71.451449 71.844749 16897300        0.0           0.0
2017-09-06 72.238048 72.655421 71.949096 72.326340 11845700        0.0           0.0
2017-09-07 72.326347 72.342397 70.696979 71.058167 14592300        0.0           0.0
2017-09-08 70.881572 71.772509 70.825388 70.969864 14242200        0.0           0.0
2017-09-11 71.748445 72.438720 71.395279 72.069504 13219000        0.0           0.0
2017-09-12 72.374510 73.241368 72.318325 72.952415 14003800        0.0           0.0
2017-09-13 72.727673 73.442027 72.494905 73.161102 12485400        0.0           0.0
2017-09-14 73.201237 73.466111 72.832021 73.016632 10562800        0.0           0.0
2017-09-15 73.104894 73.610558 72.848047 73.538322 18171800        0.0           0.0
2017-09-18 73.787147 74.758347 73.722934 74.581764 11318700        0.0           0.0
2017-09-19 74.413226 75.737592 74.260721 75.400482 12626100        0.0           0.0
2017-09-20 75.528907 76.484056 75.215876 75.930229 15311600        0.0           0.0
              Open         High          Low        Close        Volume    Dividends  Stock Splits
count  2011.000000  2011.000000  2011.000000  2011.000000  2.011000e+03  2011.000000        2011.0
mean    132.583308   133.881098   131.331020   132.637613  1.294044e+07     0.015087           0.0
std      52.180227    52.652492    51.774299    52.269446  6.371159e+06     0.121622           0.0
min      69.903813    71.772509    65.918375    67.735397  3.220500e+06     0.000000           0.0
25%      91.612270    92.440706    90.821852    91.761517  8.815600e+06     0.000000           0.0
50%     119.202314   120.791166   118.089135   119.249321  1.130780e+07     0.000000           0.0
75%     147.117907   147.850741   145.783709   147.047340  1.483915e+07     0.000000           0.0
max     300.000000   301.290009   297.380005   299.630005  5.441880e+07     1.400000           0.0
