# CSV STUB: JPM_5y_1d.csv
- Size: 126.1 KB
- Shape: (1256, 8)
- Columns: ['Date', 'Open', 'High', 'Low', 'Close', 'Volume', 'Dividends', 'Stock Splits']
      Date      Open      High       Low     Close   Volume  Dividends  Stock Splits
2020-08-10 87.539155 89.226804 87.469199 88.002602 14989900        0.0           0.0
2020-08-11 90.818257 92.829448 90.512208 90.783279 31518600        0.0           0.0
2020-08-12 92.829459 93.065552 88.938242 90.013794 19240800        0.0           0.0
2020-08-13 89.191839 90.381064 88.877044 89.515381 13598600        0.0           0.0
2020-08-14 88.754620 90.337335 88.684664 89.550354 12134400        0.0           0.0
2020-08-17 88.754607 89.191821 87.031979 87.189377 14988000        0.0           0.0
2020-08-18 87.364262 87.364262 85.799032 85.973915 13246500        0.0           0.0
2020-08-19 86.498584 87.958880 85.991413 86.175049 13533000        0.0           0.0
2020-08-20 85.047031 85.720339 84.644794 85.143219 13672600        0.0           0.0
2020-08-21 85.055771 86.192532 84.767214 85.099495 12228300        0.0           0.0
2020-08-24 86.087598 87.626596 85.186936 87.495430 17898300        0.0           0.0
2020-08-25 88.553488 89.174339 87.268082 87.880180 13648900        0.0           0.0
2020-08-26 87.390510 87.679067 86.612268 86.647240 12052400        0.0           0.0
2020-08-27 86.568533 89.760203 86.568533 89.497871 22163900        0.0           0.0
2020-08-28 90.188669 90.284857 89.025676 89.865128 13756700        0.0           0.0
2020-08-31 89.296750 89.349213 87.460442 87.609100 14219400        0.0           0.0
2020-09-01 87.049466 88.203713 86.603505 87.565376 11595600        0.0           0.0
2020-09-02 87.399246 89.139366 87.058219 88.885780 14475700        0.0           0.0
2020-09-03 90.346070 91.806366 88.002598 88.605957 23281200        0.0           0.0
2020-09-04 90.984396 91.998731 88.640925 90.520943 26325500        0.0           0.0
2020-09-08 90.048776 90.564686 86.988272 87.373016 22108600        0.0           0.0
2020-09-09 88.142526 88.920768 87.058228 88.203735 13434000        0.0           0.0
2020-09-10 88.667166 89.559081 87.128168 87.294312 15922800        0.0           0.0
2020-09-11 87.416737 88.632194 87.084450 88.378609 13784300        0.0           0.0
2020-09-14 88.763347 90.468482 88.640927 89.602798 19017400        0.0           0.0
2020-09-15 89.830164 89.935091 86.690958 86.813377 23683000        0.0           0.0
2020-09-16 86.944556 88.431084 86.358689 87.180649 19270600        0.0           0.0
2020-09-17 86.306212 86.865846 85.440528 86.183792 18290100        0.0           0.0
2020-09-18 85.597931 86.997017 85.204440 86.000168 20121600        0.0           0.0
2020-09-21 83.245708 83.988979 82.038998 83.341896 28378800        0.0           0.0
              Open         High          Low        Close        Volume    Dividends  Stock Splits
count  1256.000000  1256.000000  1256.000000  1256.000000  1.256000e+03  1256.000000        1256.0
mean    157.583785   159.126568   156.108658   157.677356  1.172420e+07     0.016959           0.0
std      51.246285    51.707929    50.860693    51.337208  5.460728e+06     0.134709           0.0
min      80.491245    81.951540    79.905383    81.024658  3.220500e+06     0.000000           0.0
25%     123.178313   124.486887   121.872332   123.215178  8.153925e+06     0.000000           0.0
50%     140.243872   141.426445   139.146894   140.120682  1.029335e+07     0.000000           0.0
75%     190.850544   192.559958   189.745336   191.079102  1.365135e+07     0.000000           0.0
max     300.000000   301.290009   297.380005   299.630005  5.441880e+07     1.400000           0.0
