# CSV STUB: KO_8y_1d.csv
- Size: 199.3 KB
- Shape: (2011, 8)
- Columns: ['Date', 'Open', 'High', 'Low', 'Close', 'Volume', 'Dividends', 'Stock Splits']
      Date      Open      High       Low     Close   Volume  Dividends  Stock Splits
2017-08-14 35.542428 35.752554 35.503516 35.643600  8421200       0.00           0.0
2017-08-15 35.643591 35.993801 35.643591 35.947105  9638100       0.00           0.0
2017-08-16 35.915991 36.063856 35.892642 35.954903  8087300       0.00           0.0
2017-08-17 35.892642 36.056076 35.682516 35.690300  8477000       0.00           0.0
2017-08-18 35.643596 35.721422 35.511296 35.542423 10879800       0.00           0.0
2017-08-21 35.542425 35.643598 35.456821 35.550209  9429700       0.00           0.0
2017-08-22 35.565772 35.604683 35.441253 35.487946 10536700       0.00           0.0
2017-08-23 35.511296 35.534642 35.363427 35.441254  6528400       0.00           0.0
2017-08-24 35.441261 35.495737 35.262265 35.340088  7534400       0.00           0.0
2017-08-25 35.487942 35.612461 35.456815 35.464596  8807100       0.00           0.0
2017-08-28 35.511307 35.558000 35.316746 35.347874  8024000       0.00           0.0
2017-08-29 35.332297 35.464597 35.215559 35.371208  7762200       0.00           0.0
2017-08-30 35.301170 35.441254 35.246693 35.324516  7134900       0.00           0.0
2017-08-31 35.332297 35.526858 35.285601 35.449032 14264600       0.00           0.0
2017-09-01 35.519087 35.643606 35.441263 35.628040  7391200       0.00           0.0
2017-09-05 35.604684 35.744768 35.526861 35.736984  9916700       0.00           0.0
2017-09-06 35.783681 35.830377 35.635816 35.768116  9238900       0.00           0.0
2017-09-07 35.807025 36.048281 35.768113 36.017151  9418400       0.00           0.0
2017-09-08 35.947111 36.087196 35.814811 36.032719 10534900       0.00           0.0
2017-09-11 36.071631 36.258411 35.970461 36.203934 10430300       0.00           0.0
2017-09-12 36.188374 36.382935 36.149462 36.359589  8567600       0.00           0.0
2017-09-13 36.328449 36.561922 36.305103 36.476315 10218000       0.00           0.0
2017-09-14 36.397879 36.452789 36.037035 36.170391 13768800       0.37           0.0
2017-09-15 36.319420 36.366487 36.084090 36.225288 16141400       0.00           0.0
2017-09-18 36.201769 36.272369 36.013503 36.170391  8535300       0.00           0.0
2017-09-19 36.193926 36.233148 35.997817 36.068417  7297900       0.00           0.0
2017-09-20 35.895837 36.201770 35.731106 35.911526 11026600       0.00           0.0
2017-09-21 35.856607 35.919364 35.582056 35.613434  7555300       0.00           0.0
2017-09-22 35.652666 35.793865 35.589909 35.684044  8024800       0.00           0.0
2017-09-25 35.691878 35.895830 35.574211 35.840919  9215300       0.00           0.0
              Open         High          Low        Close        Volume    Dividends  Stock Splits
count  2011.000000  2011.000000  2011.000000  2011.000000  2.011000e+03  2011.000000        2011.0
mean     49.985396    50.337132    49.612810    49.982401  1.451278e+07     0.006852           0.0
std      10.484616    10.552804    10.417834    10.501667  6.439921e+06     0.054122           0.0
min      33.006127    33.116830    30.885766    31.984268  2.996300e+06     0.000000           0.0
25%      40.383332    40.726852    40.000174    40.362879  1.057920e+07     0.000000           0.0
50%      49.393411    49.779409    48.997605    49.404667  1.316320e+07     0.000000           0.0
75%      57.625662    58.001203    57.199837    57.589479  1.643500e+07     0.000000           0.0
max      72.861950    73.854888    72.405196    73.378281  6.784570e+07     0.510000           0.0
