# CSV STUB: META_5y_1d.csv
- Size: 125.0 KB
- Shape: (1256, 8)
- Columns: ['Date', 'Open', 'High', 'Low', 'Close', 'Volume', 'Dividends', 'Stock Splits']
      Date       Open       High        Low      Close   Volume  Dividends  Stock Splits
2020-08-10 266.577511 272.365733 258.273065 261.565002 30248800        0.0           0.0
2020-08-11 258.770359 264.469106 253.737970 254.732513 28238300        0.0           0.0
2020-08-12 257.557022 262.460116 256.701698 258.472015 21415700        0.0           0.0
2020-08-13 260.122904 263.713222 258.153726 259.874268 17374000        0.0           0.0
2020-08-14 260.878805 261.216947 257.268606 259.814636 14792700        0.0           0.0
2020-08-17 261.067793 262.659069 257.984700 259.735107 13351100        0.0           0.0
2020-08-18 259.526230 263.703296 257.845449 260.908630 18690400        0.0           0.0
2020-08-19 259.963853 266.448269 259.924063 261.157288 23291500        0.0           0.0
2020-08-20 260.073203 268.158849 260.033412 267.542236 20299700        0.0           0.0
2020-08-21 267.223988 269.014155 264.966384 265.553162 15538600        0.0           0.0
2020-08-24 269.591040 275.737315 267.303571 269.909302 23685600        0.0           0.0
2020-08-25 270.923664 281.545384 268.785401 279.287781 42127200        0.0           0.0
2020-08-26 282.450459 303.007694 282.450459 302.251831 69015200        0.0           0.0
2020-08-27 298.522253 299.586422 290.426653 291.620117 30301300        0.0           0.0
2020-08-28 293.390394 295.608237 289.392339 292.057709 17157400        0.0           0.0
2020-08-31 292.346189 295.260195 289.959259 291.600281 17345100        0.0           0.0
2020-09-01 293.101975 299.844980 291.112888 293.828003 17295900        0.0           0.0
2020-09-02 297.249274 301.943522 291.451066 300.849518 24341400        0.0           0.0
2020-09-03 294.374978 295.976209 282.082433 289.531555 32294100        0.0           0.0
2020-09-04 285.682736 287.423188 269.660648 281.187408 30333700        0.0           0.0
2020-09-08 269.799882 277.776114 267.950045 269.680542 24864000        0.0           0.0
2020-09-09 274.265365 276.960601 269.869498 272.226562 22918800        0.0           0.0
2020-09-10 274.006787 277.636866 265.573044 266.627258 24814700        0.0           0.0
2020-09-11 268.586523 269.909283 261.207024 265.155334 18913900        0.0           0.0
2020-09-14 269.471643 275.130600 264.250288 264.697815 24093800        0.0           0.0
2020-09-15 269.193203 273.022173 267.830652 270.933655 18478500        0.0           0.0
2020-09-16 265.831603 270.953497 260.361612 262.082153 29183400        0.0           0.0
2020-09-17 256.870785 260.073218 248.824929 253.429672 31281400        0.0           0.0
2020-09-18 256.990113 257.785766 248.685681 251.152145 28130800        0.0           0.0
2020-09-21 246.189394 248.586248 242.798011 246.796066 24709400        0.0           0.0
              Open         High          Low        Close        Volume    Dividends  Stock Splits
count  1256.000000  1256.000000  1256.000000  1256.000000  1.256000e+03  1256.000000        1256.0
mean    352.637306   357.493565   347.852619   352.694541  2.216396e+07     0.002428           0.0
std     163.801970   165.345422   161.721213   163.580903  1.560545e+07     0.035074           0.0
min      89.588511    89.966435    87.609359    88.424896  4.726100e+06     0.000000           0.0
25%     235.582578   238.794945   231.614347   235.781483  1.358768e+07     0.000000           0.0
50%     313.186822   317.508113   308.945108   313.723877  1.852310e+07     0.000000           0.0
75%     487.389681   494.631020   480.851470   487.431969  2.585795e+07     0.000000           0.0
max     776.450012   784.750000   765.510010   776.369995  2.323166e+08     0.525000           0.0
