# CSV STUB: META_8y_1d.csv
- Size: 201.3 KB
- Shape: (2011, 8)
- Columns: ['Date', 'Open', 'High', 'Low', 'Close', 'Volume', 'Dividends', 'Stock Splits']
      Date       Open       High        Low      Close   Volume  Dividends  Stock Splits
2017-08-09 169.052568 170.514549 168.634861 170.246017 10815000        0.0           0.0
2017-08-10 169.132124 169.659231 165.939646 166.486633 20832700        0.0           0.0
2017-08-11 167.033638 167.898901 165.939649 167.162933 13791200        0.0           0.0
2017-08-14 169.161972 170.146576 168.366334 169.818375 12954200        0.0           0.0
2017-08-15 170.554318 170.564258 169.082382 170.066986  8729200        0.0           0.0
2017-08-16 170.315644 170.444939 168.316616 169.072464 15779900        0.0           0.0
2017-08-17 168.416063 168.933230 165.939658 165.999329 17216000        0.0           0.0
2017-08-18 165.929700 167.749717 165.303148 166.496597 15093600        0.0           0.0
2017-08-21 166.247951 167.083364 164.915266 166.864563 11907500        0.0           0.0
2017-08-22 167.361836 168.943157 166.237997 168.714417 11391000        0.0           0.0
2017-08-23 167.918770 168.435937 167.282263 167.789490  9856500        0.0           0.0
2017-08-24 167.958578 168.366329 165.502053 166.824799 14030400        0.0           0.0
2017-08-25 166.944127 167.461294 165.273286 165.412537 12614500        0.0           0.0
2017-08-28 165.999329 166.785012 165.422491 166.327530  8553700        0.0           0.0
2017-08-29 164.348377 167.511019 164.099741 167.133102 11121000        0.0           0.0
2017-08-30 167.252438 169.251465 166.715391 168.992889 11138300        0.0           0.0
2017-08-31 169.470267 171.210718 169.132125 171.031708 17226500        0.0           0.0
2017-09-01 171.459352 171.976520 170.375303 171.081436 11677600        0.0           0.0
2017-09-05 170.335546 171.449430 168.624929 169.788544 13210900        0.0           0.0
2017-09-06 169.977477 171.538903 168.644792 171.151031 13906300        0.0           0.0
2017-09-07 171.001894 172.364414 169.341007 172.264969 18049500        0.0           0.0
2017-09-08 172.145581 172.543407 169.868082 170.017258 10998500        0.0           0.0
2017-09-11 171.459380 172.941256 171.260474 172.563324 12372000        0.0           0.0
2017-09-12 172.811935 173.050631 170.812907 172.016312 11186300        0.0           0.0
2017-09-13 172.066029 172.225160 171.121216 172.105820  9119300        0.0           0.0
2017-09-14 171.320132 171.340027 169.569740 170.027237 15615700        0.0           0.0
2017-09-15 169.947674 171.399699 169.331046 170.703522 15660500        0.0           0.0
2017-09-18 171.051621 171.131186 168.416070 169.082413 12954000        0.0           0.0
2017-09-19 169.689078 171.618495 169.430502 171.578720 13168600        0.0           0.0
2017-09-20 171.558807 172.105809 169.768625 171.230606 12264100        0.0           0.0
              Open         High          Low        Close        Volume    Dividends  Stock Splits
count  2011.000000  2011.000000  2011.000000  2011.000000  2.011000e+03  2011.000000        2011.0
mean    288.480650   292.334616   284.677138   288.567094  2.186996e+07     0.001517           0.0
std     154.322469   156.050462   152.258997   154.165286  1.514883e+07     0.027739           0.0
min      89.588503    89.966427    87.609359    88.424889  4.726100e+06     0.000000           0.0
25%     177.302287   179.117344   175.676216   177.207825  1.333825e+07     0.000000           0.0
50%     225.473049   230.087732   222.280551   225.831100  1.814940e+07     0.000000           0.0
75%     336.717727   339.994775   332.694824   336.732666  2.526365e+07     0.000000           0.0
max     776.450012   784.750000   765.510010   776.369995  2.323166e+08     0.525000           0.0
