# CSV STUB: MSFT_5y_1d.csv
- Size: 125.5 KB
- Shape: (1256, 8)
- Columns: ['Date', 'Open', 'High', 'Low', 'Close', 'Volume', 'Dividends', 'Stock Splits']
      Date       Open       High        Low      Close   Volume  Dividends  Stock Splits
2020-08-10 202.797998 202.999203 197.700990 199.521347 36716500       0.00           0.0
2020-08-11 198.477063 198.946515 194.625553 194.855499 36446500       0.00           0.0
2020-08-12 196.685378 201.466231 196.168019 200.421921 28013100       0.00           0.0
2020-08-13 200.661458 202.491405 199.425519 199.952469 22588900       0.00           0.0
2020-08-14 200.009927 200.805140 198.812320 200.144058 17958900       0.00           0.0
2020-08-17 200.814711 202.338063 200.163205 201.466202 20184800       0.00           0.0
2020-08-18 201.705765 203.459064 200.441100 202.625534 21336200       0.00           0.0
2020-08-19 203.115352 203.701198 200.964047 201.396225 27627600       0.51           0.0
2020-08-20 201.242530 206.486329 200.637487 206.082962 26981500       0.00           0.0
2020-08-21 205.391527 207.686887 204.421527 204.584793 36249300       0.00           0.0
2020-08-24 206.284689 206.985793 204.018141 205.228256 25460100       0.00           0.0
2020-08-25 204.661584 208.032588 204.661584 207.898132 23043700       0.00           0.0
2020-08-26 209.252319 213.295602 208.752906 212.392822 39600800       0.00           0.0
2020-08-27 214.063904 221.996816 210.712097 217.607788 57602200       0.00           0.0
2020-08-28 219.144447 221.507041 217.607813 219.845551 26292900       0.00           0.0
2020-08-31 218.011187 219.643867 215.427704 216.599396 28774200       0.00           0.0
2020-09-01 216.580161 218.443343 215.542926 218.270477 25725500       0.00           0.0
2020-09-02 218.942795 223.639159 218.347350 222.477066 34080800       0.00           0.0
2020-09-03 220.191259 220.229668 206.447915 208.695251 58400300       0.00           0.0
2020-09-04 206.582354 209.713257 197.064772 205.766006 59664100       0.00           0.0
2020-09-08 198.322933 201.713150 194.193203 194.634995 52924300       0.00           0.0
2020-09-09 199.379409 206.332708 198.515038 202.923279 45679000       0.00           0.0
2020-09-10 204.949710 206.236660 196.027585 197.237686 35461500       0.00           0.0
2020-09-11 198.995185 200.368567 193.271200 195.950714 33620100       0.00           0.0
2020-09-14 196.152440 200.916024 195.950749 197.276108 30375800       0.00           0.0
2020-09-15 200.166904 201.473051 198.735901 200.512650 21823900       0.00           0.0
2020-09-16 202.279804 202.308615 196.536606 196.930374 26328100       0.00           0.0
2020-09-17 192.128342 196.238860 192.041910 194.875092 34011300       0.00           0.0
2020-09-18 194.769436 195.585768 188.478803 192.454865 55225300       0.00           0.0
2020-09-21 189.381620 194.683041 188.603697 194.519760 39839700       0.00           0.0
              Open         High          Low        Close        Volume    Dividends  Stock Splits
count  1256.000000  1256.000000  1256.000000  1256.000000  1.256000e+03  1256.000000        1256.0
mean    319.839561   322.882428   316.712286   319.935378  2.618847e+07     0.010701           0.0
std      83.208283    83.507282    82.756285    83.181787  1.021011e+07     0.085034           0.0
min     189.381620   194.683041   188.478803   192.454865  7.164500e+06     0.000000           0.0
25%     248.626180   250.937380   245.789241   247.774982  1.941325e+07     0.000000           0.0
50%     301.414956   304.558168   298.869178   301.926590  2.382635e+07     0.000000           0.0
75%     402.510984   405.457699   398.904434   401.920502  3.019815e+07     0.000000           0.0
max     555.229980   555.450012   531.900024   535.640015  9.042890e+07     0.830000           0.0
