# CSV STUB: MSFT_8y_1d.csv
- Size: 201.1 KB
- Shape: (2011, 8)
- Columns: ['Date', 'Open', 'High', 'Low', 'Close', 'Volume', 'Dividends', 'Stock Splits']
      Date      Open      High       Low     Close   Volume  Dividends  Stock Splits
2017-08-09 65.999091 66.236598 65.816397 66.200058 22213400       0.00           0.0
2017-08-10 65.679385 65.944296 65.176967 65.231781 24734500       0.00           0.0
2017-08-11 65.414472 66.410164 65.113021 66.227470 21443700       0.00           0.0
2017-08-14 66.739023 67.341925 66.638539 67.223167 20096600       0.00           0.0
2017-08-15 67.581308 67.581308 67.076221 67.241524 19181400       0.39           0.0
2017-08-16 67.351743 68.049691 67.195626 67.636436 18150400       0.00           0.0
2017-08-17 67.572140 67.838462 66.488487 66.488487 22977500       0.00           0.0
2017-08-18 66.369114 66.892573 66.056878 66.571152 18761500       0.00           0.0
2017-08-21 66.552790 66.561976 65.845657 66.258919 17734800       0.00           0.0
2017-08-22 66.442587 67.259917 66.442587 67.186455 14343700       0.00           0.0
2017-08-23 67.002766 67.177254 66.607875 66.782364 13766500       0.00           0.0
2017-08-24 66.800727 66.910932 66.185435 66.754814 17098300       0.00           0.0
2017-08-25 66.910926 67.360915 66.561956 66.874191 12794300       0.00           0.0
2017-08-28 67.094624 67.122173 66.626271 66.883408 14569700       0.00           0.0
2017-08-29 66.350729 67.186430 66.167062 67.085411 11478400       0.00           0.0
2017-08-30 67.048684 68.150700 66.883381 67.967033 16897800       0.00           0.0
2017-08-31 67.985409 68.839474 67.774193 68.664986 27652800       0.00           0.0
2017-09-01 68.609874 68.637423 67.627241 67.902748 21736200       0.00           0.0
2017-09-05 67.351712 67.856807 67.021113 67.599670 21556000       0.00           0.0
2017-09-06 67.719050 67.994557 67.360894 67.406815 16535800       0.00           0.0
2017-09-07 67.663959 68.508838 67.590489 68.270065 17471200       0.00           0.0
2017-09-08 68.260920 68.361939 67.810924 67.939499 14703800       0.00           0.0
2017-09-11 68.242546 68.821111 68.242546 68.655807 17910400       0.00           0.0
2017-09-12 68.655798 69.096602 68.297643 68.582329 14394900       0.00           0.0
2017-09-13 68.811894 69.087402 68.462924 69.069031 13380800       0.00           0.0
2017-09-14 68.876209 69.326198 68.435398 68.664986 15733900       0.00           0.0
2017-09-15 68.720085 69.234358 68.022137 69.160889 38578400       0.00           0.0
2017-09-18 69.087409 69.766985 68.912920 69.023125 23307000       0.00           0.0
2017-09-19 69.069042 69.528217 68.885375 69.280266 16093300       0.00           0.0
2017-09-20 69.197618 69.381292 68.242534 68.821098 21587900       0.00           0.0
              Open         High          Low        Close        Volume    Dividends  Stock Splits
count  2011.000000  2011.000000  2011.000000  2011.000000  2.011000e+03  2011.000000        2011.0
mean    243.530706   245.866310   241.104230   243.602464  2.761274e+07     0.009388           0.0
std     120.282509   121.214300   119.290032   120.303058  1.219113e+07     0.075724           0.0
min      65.414472    65.944296    65.113021    65.231781  7.164500e+06     0.000000           0.0
25%     130.015126   130.949358   128.891714   129.676369  1.965660e+07     0.000000           0.0
50%     239.489891   242.045920   237.180750   239.503540  2.448910e+07     0.000000           0.0
75%     327.544610   330.510158   324.525054   327.434738  3.165930e+07     0.000000           0.0
max     555.229980   555.450012   531.900024   535.640015  1.112421e+08     0.830000           0.0
