# CSV STUB: NFLX_8y_1d.csv
- Size: 185.9 KB
- Shape: (2011, 8)
- Columns: ['Date', 'Open', 'High', 'Low', 'Close', 'Volume', 'Dividends', 'Stock Splits']
      Date       Open       High        Low      Close  Volume  Dividends  Stock Splits
2017-08-09 171.429993 175.960007 170.009995 175.779999 9670500        0.0           0.0
2017-08-10 174.029999 174.449997 167.600006 169.139999 9693100        0.0           0.0
2017-08-11 169.860001 172.580002 169.000000 171.399994 5022300        0.0           0.0
2017-08-14 169.800003 172.449997 168.800003 171.000000 7468400        0.0           0.0
2017-08-15 171.529999 171.880005 168.250000 168.500000 5656100        0.0           0.0
2017-08-16 167.500000 170.500000 166.250000 169.979996 7013600        0.0           0.0
2017-08-17 169.229996 170.580002 165.720001 166.089996 5229200        0.0           0.0
2017-08-18 165.949997 169.970001 165.800003 166.539993 7385700        0.0           0.0
2017-08-21 166.910004 168.990005 164.229996 166.759995 6480700        0.0           0.0
2017-08-22 167.759995 169.929993 167.039993 169.339996 4886300        0.0           0.0
2017-08-23 168.350006 169.639999 166.699997 169.059998 4632300        0.0           0.0
2017-08-24 169.860001 171.240005 166.149994 168.130005 5361700        0.0           0.0
2017-08-25 168.580002 168.750000 165.500000 165.949997 4064000        0.0           0.0
2017-08-28 166.429993 168.669998 165.600006 167.119995 3657300        0.0           0.0
2017-08-29 165.000000 169.679993 164.729996 168.809998 4620900        0.0           0.0
2017-08-30 169.500000 174.850006 169.369995 174.690002 8034700        0.0           0.0
2017-08-31 175.449997 176.240005 173.860001 174.710007 6941000        0.0           0.0
2017-09-01 175.550003 176.479996 173.919998 174.740005 3813000        0.0           0.0
2017-09-05 173.399994 175.880005 172.440002 174.520004 4589500        0.0           0.0
2017-09-06 175.250000 179.460007 173.729996 179.250000 8742600        0.0           0.0
2017-09-07 178.800003 180.350006 177.100006 179.000000 6036100        0.0           0.0
2017-09-08 178.449997 180.389999 176.250000 176.419998 4590800        0.0           0.0
2017-09-11 178.100006 182.470001 178.029999 181.740005 5979400        0.0           0.0
2017-09-12 182.550003 185.330002 180.639999 185.149994 6689600        0.0           0.0
2017-09-13 184.070007 184.500000 182.550003 183.639999 4320300        0.0           0.0
2017-09-14 183.250000 185.289993 182.070007 182.630005 4510700        0.0           0.0
2017-09-15 182.729996 184.929993 181.429993 182.350006 5591700        0.0           0.0
2017-09-18 183.610001 185.449997 182.729996 184.619995 5359600        0.0           0.0
2017-09-19 184.979996 186.229996 184.169998 185.679993 4982100        0.0           0.0
2017-09-20 186.100006 186.500000 183.199997 185.509995 4625000        0.0           0.0
              Open         High          Low        Close        Volume  Dividends  Stock Splits
count  2011.000000  2011.000000  2011.000000  2011.000000  2.011000e+03     2011.0        2011.0
mean    464.713416   471.482670   457.926982   464.916056  7.021010e+06        0.0           0.0
std     231.569483   234.006651   229.252168   231.823161  6.004232e+06        0.0           0.0
min     163.960007   168.669998   162.710007   165.949997  1.144000e+06        0.0           0.0
25%     314.700012   320.419998   308.195007   315.455002  3.694350e+06        0.0           0.0
50%     394.239990   400.510010   387.649994   394.519989  5.441800e+06        0.0           0.0
75%     550.220001   556.489990   542.010010   550.380005  8.364250e+06        0.0           0.0
max    1338.229980  1341.150024  1321.209961  1339.130005  1.333875e+08        0.0           0.0
