# CSV STUB: NFLX_5y_1d.csv
- Size: 115.9 KB
- Shape: (1256, 8)
- Columns: ['Date', 'Open', 'High', 'Low', 'Close', 'Volume', 'Dividends', 'Stock Splits']
      Date       Open       High        Low      Close   Volume  Dividends  Stock Splits
2020-08-10 493.350006 497.459991 478.630005 483.380005  4691200        0.0           0.0
2020-08-11 479.750000 480.920013 466.549988 466.929993  7329200        0.0           0.0
2020-08-12 471.339996 482.489990 470.179993 475.470001  5439200        0.0           0.0
2020-08-13 478.399994 484.450012 476.450012 481.329987  3008900        0.0           0.0
2020-08-14 482.820007 488.329987 480.209991 482.679993  2943500        0.0           0.0
2020-08-17 484.190002 486.239990 479.100006 482.350006  2423500        0.0           0.0
2020-08-18 484.350006 495.299988 482.799988 491.869995  3505500        0.0           0.0
2020-08-19 493.929993 494.500000 483.500000 484.529999  3156200        0.0           0.0
2020-08-20 484.690002 498.940002 483.890015 497.899994  5132500        0.0           0.0
2020-08-21 496.459991 498.130005 490.000000 492.309998  3921300        0.0           0.0
2020-08-24 495.440002 501.000000 483.160004 488.809998  4762200        0.0           0.0
2020-08-25 488.190002 492.470001 485.089996 490.579987  5727700        0.0           0.0
2020-08-26 492.500000 549.039978 492.079987 547.530029 20373700        0.0           0.0
2020-08-27 537.780029 541.000000 521.250000 526.270020  9062900        0.0           0.0
2020-08-28 532.000000 539.000000 522.000000 523.890015  4417500        0.0           0.0
2020-08-31 521.159973 531.989990 517.580017 529.559998  4941400        0.0           0.0
2020-09-01 532.599976 557.390015 532.450012 556.549988  9572700        0.0           0.0
2020-09-02 553.780029 556.500000 537.369995 552.840027  5886900        0.0           0.0
2020-09-03 545.000000 554.000000 521.320007 525.750000  9071100        0.0           0.0
2020-09-04 520.179993 527.359985 485.980011 516.049988  8270100        0.0           0.0
2020-09-08 498.399994 522.000000 495.000000 507.019989  5572700        0.0           0.0
2020-09-09 519.210022 520.000000 492.570007 500.190002  6848100        0.0           0.0
2020-09-10 503.350006 506.290009 478.839996 480.670013  6240200        0.0           0.0
2020-09-11 486.489990 493.730011 476.809998 482.029999  5035200        0.0           0.0
2020-09-14 480.619995 488.989990 471.299988 476.260010  7359100        0.0           0.0
2020-09-15 484.000000 497.470001 481.630005 495.989990  5337000        0.0           0.0
2020-09-16 499.989990 504.660004 483.309998 483.859985  4394900        0.0           0.0
2020-09-17 475.160004 478.399994 463.269989 470.200012  5379300        0.0           0.0
2020-09-18 472.510010 479.399994 458.600006 469.959991  6717700        0.0           0.0
2020-09-21 467.690002 487.779999 466.320007 487.350006  5457500        0.0           0.0
              Open         High          Low        Close        Volume  Dividends  Stock Splits
count  1256.000000  1256.000000  1256.000000  1256.000000  1.256000e+03     1256.0        1256.0
mean    549.970215   557.659585   542.376800   550.185111  5.881558e+06        0.0           0.0
std     250.970239   253.494114   248.552331   251.327683  6.189312e+06        0.0           0.0
min     163.960007   172.059998   162.710007   166.369995  1.144000e+06        0.0           0.0
25%     377.387505   382.639999   368.294998   376.197487  3.048400e+06        0.0           0.0
50%     511.914993   517.940002   503.835007   510.809998  4.289600e+06        0.0           0.0
75%     641.002502   649.927475   631.219986   640.982498  6.678075e+06        0.0           0.0
max    1338.229980  1341.150024  1321.209961  1339.130005  1.333875e+08        0.0           0.0
