# CSV STUB: NKE_8y_1d.csv
- Size: 198.6 KB
- Shape: (2011, 8)
- Columns: ['Date', 'Open', 'High', 'Low', 'Close', 'Volume', 'Dividends', 'Stock Splits']
      Date      Open      High       Low     Close   Volume  Dividends  Stock Splits
2017-08-14 53.644322 54.415203 53.626183 54.215679  5900000       0.00           0.0
2017-08-15 53.453857 53.517341 52.864361 53.109230  8913000       0.00           0.0
2017-08-16 53.417591 53.553626 52.800885 53.091099  5489600       0.00           0.0
2017-08-17 53.082022 53.272478 52.075340 52.111618  9148600       0.00           0.0
2017-08-18 49.744564 50.261509 49.127858 49.835258 22905200       0.00           0.0
2017-08-21 49.372722 49.372722 48.166520 48.619980 14289300       0.00           0.0
2017-08-22 48.901124 49.345516 48.783227 49.091579  8212800       0.00           0.0
2017-08-23 48.901123 49.046233 48.474873 48.619980  6409400       0.00           0.0
2017-08-24 48.910198 48.946476 48.483945 48.828575  5461900       0.00           0.0
2017-08-25 49.000885 49.155063 48.556496 48.882988  6416600       0.00           0.0
2017-08-28 49.037151 49.363642 48.629036 48.728798  5269400       0.00           0.0
2017-08-29 47.830967 47.957935 47.223328 47.821896 12539900       0.00           0.0
2017-08-30 47.885368 48.030475 47.386563 47.667709  7434500       0.00           0.0
2017-08-31 47.867915 48.213729 47.749612 48.059025  7728900       0.18           0.0
2017-09-01 48.231941 48.641458 48.140939 48.559555  5509800       0.00           0.0
2017-09-05 48.459442 48.659651 48.122729 48.241032  6306500       0.00           0.0
2017-09-06 48.341144 48.541354 47.968030 48.013531  7407600       0.00           0.0
2017-09-07 48.013524 48.095427 47.631310 47.676811  6905800       0.00           0.0
2017-09-08 47.549407 47.786015 47.422003 47.503906  8563300       0.00           0.0
2017-09-11 47.667725 48.350253 47.613122 48.259247  8649900       0.00           0.0
2017-09-12 48.932667 49.223879 48.504949 48.595955  7823700       0.00           0.0
2017-09-13 48.641456 48.814362 48.268341 48.705158  6086000       0.00           0.0
2017-09-14 48.723342 49.041854 48.341125 48.896248  7497400       0.00           0.0
2017-09-15 49.014568 49.196576 48.705155 49.023666 10046800       0.00           0.0
2017-09-18 49.023667 49.287578 48.595952 48.686954  8166400       0.00           0.0
2017-09-19 48.031730 49.187477 47.786020 48.532253 14707200       0.00           0.0
2017-09-20 48.677852 48.814355 48.268335 48.741554  7058000       0.00           0.0
2017-09-21 48.732464 48.814367 48.313848 48.404850  8065400       0.00           0.0
2017-09-22 48.250146 48.787068 48.049937 48.450356 10962400       0.00           0.0
2017-09-25 48.304735 48.741552 48.231930 48.441238 12262400       0.00           0.0
              Open         High          Low        Close        Volume    Dividends  Stock Splits
count  2011.000000  2011.000000  2011.000000  2011.000000  2.011000e+03  2011.000000        2011.0
mean     94.612960    95.619745    93.602264    94.610013  8.595239e+06     0.004575           0.0
std      27.603851    27.819123    27.328370    27.558439  6.820402e+06     0.036979           0.0
min      46.229857    46.475573    45.820332    46.257153  1.821900e+06     0.000000           0.0
25%      74.334816    75.366462    73.632645    74.364998  5.421100e+06     0.000000           0.0
50%      90.814405    91.649170    89.867674    90.683784  7.023700e+06     0.000000           0.0
75%     114.071115   115.461877   112.775706   113.732983  9.603600e+06     0.000000           0.0
max     167.078634   169.684031   166.273291   168.177612  1.299670e+08     0.400000           0.0
