# CSV STUB: NVDA_5y_1d.csv
- Size: 127.8 KB
- Shape: (1256, 8)
- Columns: ['Date', 'Open', 'High', 'Low', 'Close', 'Volume', 'Dividends', 'Stock Splits']
      Date      Open      High       Low     Close     Volume  Dividends  Stock Splits
2020-08-10 11.297014 11.370770 10.820833 11.128320  427796000      0.000           0.0
2020-08-11 11.037371 11.100165 10.760284 10.814357  354512000      0.000           0.0
2020-08-12 10.954644 11.429329 10.922250 11.402667  464412000      0.000           0.0
2020-08-13 11.508067 11.683241 11.318443 11.405406  374460000      0.000           0.0
2020-08-14 11.492118 11.666294 11.402913 11.526007  366436000      0.000           0.0
2020-08-17 11.812313 12.368978 11.778425 12.296467  621300000      0.000           0.0
2020-08-18 12.409098 12.454947 12.046543 12.220469  503448000      0.000           0.0
2020-08-19 12.256103 12.274542 12.058255 12.098622  622624000      0.000           0.0
2020-08-20 11.935660 12.334346 11.839726 12.101114  921388000      0.000           0.0
2020-08-21 12.161661 12.766667 12.155182 12.641829  999868000      0.000           0.0
2020-08-24 12.841425 12.870081 12.466411 12.678462  490564000      0.000           0.0
2020-08-25 12.589255 12.719326 12.532442 12.708114  289076000      0.000           0.0
2020-08-26 12.757200 12.826222 12.636099 12.731036  321244000      0.000           0.0
2020-08-27 12.739509 12.807784 12.525215 12.586762  317604000      0.000           0.0
2020-08-28 12.633359 13.104804 12.600965 13.104555  537160000      0.000           0.0
2020-08-31 13.139441 13.530402 12.994918 13.330562  500840000      0.000           0.0
2020-09-01 13.439732 13.951947 13.396362 13.779714  511316000      0.004           0.0
2020-09-02 14.659827 14.682759 13.858478 14.303645  874012000      0.000           0.0
2020-09-03 13.787442 13.843025 12.840280 12.976622  945128000      0.000           0.0
2020-09-04 12.745563 13.135645 11.669787 12.584796 1463684000      0.000           0.0
2020-09-08 11.699448 12.512512 11.669288 11.877415  795728000      0.000           0.0
2020-09-09 12.362959 12.770986 12.195211 12.677018  736200000      0.000           0.0
2020-09-10 12.950450 13.026223 12.130656 12.274974  698684000      0.000           0.0
2020-09-11 12.448208 12.614709 11.860219 12.128166  636928000      0.000           0.0
2020-09-14 13.041928 13.275228 12.593521 12.833800 1201744000      0.000           0.0
2020-09-15 13.240332 13.259027 12.789434 12.952196  727556000      0.000           0.0
2020-09-16 12.918546 13.053641 12.476371 12.477118  556384000      0.000           0.0
2020-09-17 12.096009 12.552143 11.998800 12.426270  792512000      0.000           0.0
2020-09-18 12.556132 12.594766 11.952940 12.152841  698460000      0.000           0.0
2020-09-21 11.889377 12.485092 11.868938 12.479857  721044000      0.000           0.0
              Open         High          Low        Close        Volume    Dividends  Stock Splits
count  1256.000000  1256.000000  1256.000000  1256.000000  1.256000e+03  1256.000000   1256.000000
mean     53.620260    54.585939    52.562174    53.628563  4.155093e+08     0.000088      0.011146
std      47.780485    48.539248    46.879355    47.753349  1.847680e+08     0.000763      0.303819
min      10.954644    11.100165    10.760284    10.814357  9.788400e+07     0.000000      0.000000
25%      16.472743    16.917211    16.150160    16.585506  2.715212e+08     0.000000      0.000000
50%      27.342343    27.979884    27.033628    27.487738  3.965554e+08     0.000000      0.000000
75%      91.072496    92.848289    89.239728    91.933153  5.227785e+08     0.000000      0.000000
max     182.899994   183.880005   180.399994   182.699997  1.543911e+09     0.010000     10.000000
