# CSV STUB: NVDA_8y_1d.csv
- Size: 203.4 KB
- Shape: (2011, 8)
- Columns: ['Date', 'Open', 'High', 'Low', 'Close', 'Volume', 'Dividends', 'Stock Splits']
      Date     Open     High      Low    Close     Volume  Dividends  Stock Splits
2017-08-09 4.158013 4.251330 4.139251 4.248861  530784000     0.0000           0.0
2017-08-10 4.250093 4.262436 4.056795 4.066916 1328088000     0.0000           0.0
2017-08-11 3.879297 3.925214 3.774871 3.850166 1497196000     0.0000           0.0
2017-08-14 3.941755 4.160975 3.930152 4.157272 1279020000     0.0000           0.0
2017-08-15 4.162453 4.188621 4.087899 4.122214  764532000     0.0000           0.0
2017-08-16 4.137276 4.160728 4.044700 4.077040  596632000     0.0000           0.0
2017-08-17 4.068645 4.085678 3.983969 3.986190  525444000     0.0000           0.0
2017-08-18 4.040502 4.057536 3.941014 3.986932  601204000     0.0000           0.0
2017-08-21 4.011372 4.022728 3.884975 3.928917  623672000     0.0000           0.0
2017-08-22 3.965486 4.022316 3.946213 4.016386  450456000     0.0035           0.0
2017-08-23 3.983030 4.107809 3.974382 4.096690  579520000     0.0000           0.0
2017-08-24 4.128810 4.133258 4.055179 4.081616  469700000     0.0000           0.0
2017-08-25 4.105831 4.115962 4.041094 4.047519  357200000     0.0000           0.0
2017-08-28 4.066545 4.079393 4.010950 4.076181  389496000     0.0000           0.0
2017-08-29 4.017374 4.091252 4.009220 4.069509  324096000     0.0000           0.0
2017-08-30 4.089277 4.104844 4.058885 4.093725  384400000     0.0000           0.0
2017-08-31 4.113984 4.190581 4.106572 4.186628  612684000     0.0000           0.0
2017-09-01 4.199231 4.247413 4.190583 4.211833  445432000     0.0000           0.0
2017-09-05 4.160438 4.165380 4.041343 4.099408  695364000     0.0000           0.0
2017-09-06 4.132269 4.146106 4.062097 4.096936  397672000     0.0000           0.0
2017-09-07 4.113738 4.148330 4.075687 4.115962  352868000     0.0000           0.0
2017-09-08 4.104349 4.119174 4.020339 4.044554  498856000     0.0000           0.0
2017-09-11 4.090265 4.186381 4.084829 4.175756  567444000     0.0000           0.0
2017-09-12 4.200465 4.200465 4.125598 4.190828  411488000     0.0000           0.0
2017-09-13 4.165625 4.238516 4.133257 4.209607  580960000     0.0000           0.0
2017-09-14 4.170567 4.263719 4.146106 4.185640  513712000     0.0000           0.0
2017-09-15 4.271130 4.450268 4.265941 4.450268 1364792000     0.0000           0.0
2017-09-18 4.574553 4.724287 4.567634 4.634100 1684460000     0.0000           0.0
2017-09-19 4.583696 4.690931 4.561705 4.629159  874280000     0.0000           0.0
2017-09-20 4.632866 4.680307 4.551575 4.591850  724920000     0.0000           0.0
              Open         High          Low        Close        Volume    Dividends  Stock Splits
count  2011.000000  2011.000000  2011.000000  2011.000000  2.011000e+03  2011.000000   2011.000000
mean     35.566604    36.203624    34.870677    35.572619  4.527788e+08     0.000078      0.006962
std      44.372049    45.105135    43.520614    44.355443  2.199799e+08     0.000672      0.240131
min       3.136292     3.222826     3.085959     3.150921  9.788400e+07     0.000000      0.000000
25%       6.037836     6.135013     5.947014     6.048938  2.993664e+08     0.000000      0.000000
50%      15.138865    15.402248    14.869782    15.192495  4.153000e+08     0.000000      0.000000
75%      43.030291    43.733584    42.188275    43.169209  5.540670e+08     0.000000      0.000000
max     182.899994   183.880005   180.399994   182.699997  2.511528e+09     0.010000     10.000000
