# CSV STUB: ORCL_8y_1d.csv
- Size: 199.3 KB
- Shape: (2011, 8)
- Columns: ['Date', 'Open', 'High', 'Low', 'Close', 'Volume', 'Dividends', 'Stock Splits']
      Date      Open      High       Low     Close   Volume  Dividends  Stock Splits
2017-08-14 42.906546 43.331363 42.897698 43.234009  9229100        0.0           0.0
2017-08-15 43.269420 43.419878 43.163217 43.216320 10663500        0.0           0.0
2017-08-16 43.340223 43.649984 43.154363 43.588032  9881200        0.0           0.0
2017-08-17 43.517212 43.641120 42.968491 42.968491  9661600        0.0           0.0
2017-08-18 42.879994 43.260560 42.756090 43.030449 10248400        0.0           0.0
2017-08-21 43.057004 43.331363 42.959650 43.278263  7293400        0.0           0.0
2017-08-22 43.472974 43.676531 43.357921 43.596878  9233000        0.0           0.0
2017-08-23 43.419874 43.747336 43.313667 43.428722  6895400        0.0           0.0
2017-08-24 43.428720 43.596876 43.260565 43.534924  7365500        0.0           0.0
2017-08-25 43.756182 43.756182 43.499524 43.579178  7853300        0.0           0.0
2017-08-28 43.711931 43.711931 43.402170 43.579178  6211300        0.0           0.0
2017-08-29 43.260556 43.871229 43.145500 43.765026  7245900        0.0           0.0
2017-08-30 43.809288 44.207555 43.685384 44.074799  6957400        0.0           0.0
2017-08-31 44.145602 44.712025 44.110200 44.543869 12958100        0.0           0.0
2017-09-01 44.561562 45.030633 44.561562 44.800522  8716800        0.0           0.0
2017-09-05 44.720867 45.207639 44.667767 45.074883 15610700        0.0           0.0
2017-09-06 45.207647 45.340400 44.959834 45.145691 15615600        0.0           0.0
2017-09-07 45.304997 45.827168 45.163391 45.782917 11516800        0.0           0.0
2017-09-08 45.844867 45.915672 45.473154 45.650162 10356500        0.0           0.0
2017-09-11 45.915667 46.561743 45.853715 46.455540 16526300        0.0           0.0
2017-09-12 46.588306 46.809565 46.437851 46.703362 13352400        0.0           0.0
2017-09-13 46.482091 46.889207 46.420139 46.729900 14463000        0.0           0.0
2017-09-14 46.694493 47.030808 46.305078 46.721046 21901600        0.0           0.0
2017-09-15 44.827084 44.871335 42.906554 43.136665 66367900        0.0           0.0
2017-09-18 43.260569 43.419876 42.561390 42.773800 29434700        0.0           0.0
2017-09-19 42.915406 42.924255 42.375534 42.517139 23070700        0.0           0.0
2017-09-20 42.481731 42.649887 42.207369 42.455181 21257300        0.0           0.0
2017-09-21 42.322424 42.649887 42.322424 42.455181 15656300        0.0           0.0
2017-09-22 42.410930 42.862301 42.410930 42.623341 15341900        0.0           0.0
2017-09-25 42.941950 42.959651 42.163118 42.455181 15663600        0.0           0.0
              Open         High          Low        Close        Volume    Dividends  Stock Splits
count  2011.000000  2011.000000  2011.000000  2011.000000  2.011000e+03  2011.000000        2011.0
mean     82.343815    83.263511    81.460102    82.371153  1.185261e+07     0.004883           0.0
std      43.826968    44.394026    43.157830    43.798265  7.564335e+06     0.040079           0.0
min      37.924848    39.266614    36.624410    36.707417  2.168200e+06     0.000000           0.0
25%      48.836298    49.293917    48.443259    48.836405  7.140900e+06     0.000000           0.0
50%      70.393749    71.335765    69.607182    70.527382  9.720300e+06     0.000000           0.0
75%     104.926283   106.344108   104.487373   105.830219  1.428360e+07     0.000000           0.0
max     257.709991   260.869995   253.320007   256.429993  7.517600e+07     0.500000           0.0
