# CSV STUB: PEP_8y_1d.csv
- Size: 200.6 KB
- Shape: (2011, 8)
- Columns: ['Date', 'Open', 'High', 'Low', 'Close', 'Volume', 'Dividends', 'Stock Splits']
      Date      Open      High       Low     Close  Volume  Dividends  Stock Splits
2017-08-14 92.387407 93.032922 92.111884 92.765266 3191700      0.000           0.0
2017-08-15 92.796734 93.796499 92.773119 93.654800 2749800      0.000           0.0
2017-08-16 93.646947 93.961834 93.536737 93.757156 2373900      0.000           0.0
2017-08-17 93.678428 93.985441 93.088017 93.198227 3096900      0.000           0.0
2017-08-18 93.119511 93.229721 92.418892 92.576332 3776500      0.000           0.0
2017-08-21 92.733753 93.253311 92.536950 93.095871 2119500      0.000           0.0
2017-08-22 93.088006 93.442250 92.615679 92.828224 2313700      0.000           0.0
2017-08-23 92.812484 92.985672 92.285052 92.332283 2616300      0.000           0.0
2017-08-24 92.308670 92.340159 91.340395 91.489967 4760000      0.000           0.0
2017-08-25 91.899327 92.025284 91.159350 91.198708 3442500      0.000           0.0
2017-08-28 91.411251 91.545076 90.592549 90.954666 2932700      0.000           0.0
2017-08-29 90.962532 91.395496 90.931043 91.190819 2348700      0.000           0.0
2017-08-30 91.266140 91.496030 91.091746 91.281998 2491800      0.805           0.0
2017-08-31 91.353337 91.828969 91.107595 91.741776 4709500      0.000           0.0
2017-09-01 91.464320 92.027152 91.281997 91.828972 2591900      0.000           0.0
2017-09-05 91.916166 92.003366 91.488101 91.852753 2711400      0.000           0.0
2017-09-06 92.090563 92.328382 91.670421 92.233253 2617500      0.000           0.0
2017-09-07 92.471085 92.978427 92.264976 92.740608 2623800      0.000           0.0
2017-09-08 92.272897 92.336316 90.822213 91.194794 4818300      0.000           0.0
2017-09-11 91.226491 91.868595 90.972820 91.710052 3247900      0.000           0.0
2017-09-12 91.710074 91.916178 91.052113 91.163094 2998500      0.000           0.0
2017-09-13 91.060022 91.297835 90.370351 90.727074 5141500      0.000           0.0
2017-09-14 90.719169 90.806369 90.132550 90.520988 3456900      0.000           0.0
2017-09-15 90.956982 91.147240 90.457569 91.044182 5543000      0.000           0.0
2017-09-18 91.297849 91.345417 90.909417 91.155159 2441200      0.000           0.0
2017-09-19 91.210633 91.258200 90.655730 90.758781 2568300      0.000           0.0
2017-09-20 90.639910 90.885658 89.371555 90.037445 4059800      0.000           0.0
2017-09-21 89.744103 90.227664 89.212981 89.419090 3630900      0.000           0.0
2017-09-22 89.228848 89.474596 88.634306 88.666016 3746300      0.000           0.0
2017-09-25 88.816621 88.895893 88.325131 88.737350 3885000      0.000           0.0
              Open         High          Low        Close        Volume    Dividends  Stock Splits
count  2011.000000  2011.000000  2011.000000  2011.000000  2.011000e+03  2011.000000        2011.0
mean    131.663844   132.655183   130.597339   131.650912  5.171987e+06     0.017326           0.0
std      28.372978    28.524209    28.167479    28.357018  2.383066e+06     0.138042           0.0
min      77.541407    78.192737    77.147387    77.324295  8.833000e+05     0.000000           0.0
25%     110.796039   111.609598   109.678060   110.826546  3.720650e+06     0.000000           0.0
50%     131.115848   131.887864   130.184134   131.053726  4.687200e+06     0.000000           0.0
75%     157.868921   159.013913   156.614929   157.831802  5.866600e+06     0.000000           0.0
max     182.767363   183.055594   181.261125   182.348969  2.755970e+07     1.423000           0.0
