# CSV STUB: PFE_8y_1d.csv
- Size: 202.5 KB
- Shape: (2011, 8)
- Columns: ['Date', 'Open', 'High', 'Low', 'Close', 'Volume', 'Dividends', 'Stock Splits']
      Date      Open      High       Low     Close   Volume  Dividends  Stock Splits
2017-08-14 22.347733 22.374553 22.220338 22.334324 13482241        0.0           0.0
2017-08-15 22.354441 22.481835 22.300800 22.381260 18048801        0.0           0.0
2017-08-16 22.347732 22.455013 22.300797 22.367847 11128764        0.0           0.0
2017-08-17 22.320916 22.428196 22.092947 22.092947 15661175        0.0           0.0
2017-08-18 22.066127 22.106356 21.891797 21.905207 16326565        0.0           0.0
2017-08-21 21.858267 22.039303 21.670528 21.965548 17848752        0.0           0.0
2017-08-22 21.965555 22.273984 21.925324 22.227049 14178619        0.0           0.0
2017-08-23 22.173404 22.387965 22.173404 22.287390 16989953        0.0           0.0
2017-08-24 22.374552 22.394667 22.240453 22.280682 12140394        0.0           0.0
2017-08-25 22.314213 22.542183 22.280687 22.387968 15171171        0.0           0.0
2017-08-28 22.461718 22.542178 22.401372 22.441603 13033026        0.0           0.0
2017-08-29 22.414788 22.495248 22.287394 22.461723 12884096        0.0           0.0
2017-08-30 22.448309 22.448309 22.294095 22.428194 12394935        0.0           0.0
2017-08-31 22.461725 22.810383 22.448314 22.743334 27300497        0.0           0.0
2017-09-01 22.756737 22.884133 22.676279 22.770149 19160771        0.0           0.0
2017-09-05 22.716513 22.910955 22.629347 22.662870 15068616        0.0           0.0
2017-09-06 22.763441 22.870723 22.736623 22.790262 13925764        0.0           0.0
2017-09-07 22.823788 22.884132 22.669574 22.790262 18831923        0.0           0.0
2017-09-08 22.763448 22.964598 22.662874 22.864023 16276290        0.0           0.0
2017-09-11 22.857315 23.024942 22.783562 23.011530 17263993        0.0           0.0
2017-09-12 23.051759 23.970345 23.038350 23.715555 39268351        0.0           0.0
2017-09-13 23.641803 23.755787 23.447358 23.507702 22115450        0.0           0.0
2017-09-14 23.501001 24.030696 23.467477 23.956940 28907847        0.0           0.0
2017-09-15 23.869769 23.950227 23.628389 23.708847 30430139        0.0           0.0
2017-09-18 23.722261 23.836245 23.608274 23.836245 17850755        0.0           0.0
2017-09-19 23.910000 23.910000 23.702146 23.769197 16539579        0.0           0.0
2017-09-20 24.091024 24.278764 24.010563 24.131254 27066825        0.0           0.0
2017-09-21 24.178198 24.265360 24.077623 24.117853 16580579        0.0           0.0
2017-09-22 24.205015 24.218427 23.983752 24.111145 15394092        0.0           0.0
2017-09-25 24.070918 24.158081 23.762486 23.809422 23379828        0.0           0.0
              Open         High          Low        Close        Volume    Dividends  Stock Splits
count  2011.000000  2011.000000  2011.000000  2011.000000  2.011000e+03  2011.000000   2011.000000
mean     30.158288    30.460912    29.847993    30.153910  3.006783e+07     0.006053      0.000524
std       6.242760     6.349125     6.146520     6.256657  1.769356e+07     0.047851      0.023504
min      20.363444    21.221970    20.180163    20.826468  5.187683e+06     0.000000      0.000000
25%      25.260681    25.502993    25.014239    25.254541  1.971315e+07     0.000000      0.000000
50%      28.357354    28.544559    28.042326    28.297441  2.579560e+07     0.000000      0.000000
75%      32.477669    32.771784    32.182961    32.458445  3.541915e+07     0.000000      0.000000
max      50.210658    51.130359    49.572671    50.749214  3.499965e+08     0.430000      1.054000
