# CSV STUB: PYPL_5y_1d.csv
- Size: 119.9 KB
- Shape: (1256, 8)
- Columns: ['Date', 'Open', 'High', 'Low', 'Close', 'Volume', 'Dividends', 'Stock Splits']
      Date       Open       High        Low      Close   Volume  Dividends  Stock Splits
2020-08-10 198.699997 199.850006 191.690002 193.320007  8792200        0.0           0.0
2020-08-11 192.000000 193.535004 186.520004 189.029999  9155300        0.0           0.0
2020-08-12 190.000000 192.509995 189.399994 191.320007  7936600        0.0           0.0
2020-08-13 192.100006 195.130005 191.479996 193.070007 10082400        0.0           0.0
2020-08-14 195.190002 195.468994 190.509995 191.460007  4848000        0.0           0.0
2020-08-17 193.919998 197.419998 193.250000 196.289993  6279300        0.0           0.0
2020-08-18 197.729996 198.750000 194.000000 194.570007  5362500        0.0           0.0
2020-08-19 195.059998 196.839996 191.919998 192.440002  6865300        0.0           0.0
2020-08-20 192.059998 198.699997 191.509995 198.179993  6773000        0.0           0.0
2020-08-21 197.929993 199.100006 196.220001 196.789993  6092500        0.0           0.0
2020-08-24 200.000000 201.098999 196.570007 198.880005  5404100        0.0           0.0
2020-08-25 198.490005 201.960007 196.240005 201.669998  5108200        0.0           0.0
2020-08-26 202.529999 205.350006 200.250000 203.479996  6072200        0.0           0.0
2020-08-27 206.809998 207.000000 202.300003 204.339996  6051900        0.0           0.0
2020-08-28 205.416000 205.416000 202.419998 204.479996  4580300        0.0           0.0
2020-08-31 203.699997 205.251999 202.298004 204.139999  5628700        0.0           0.0
2020-09-01 205.589996 209.880005 205.145004 208.929993  6234600        0.0           0.0
2020-09-02 211.621994 212.449997 204.600006 210.820007  7219500        0.0           0.0
2020-09-03 205.690002 206.589996 194.949997 204.990005 16006900        0.0           0.0
2020-09-04 200.985001 201.839996 182.850006 191.839996 17034100        0.0           0.0
2020-09-08 184.699997 191.750000 184.699997 185.949997  9282400        0.0           0.0
2020-09-09 191.000000 195.750000 187.300003 194.600006  8542000        0.0           0.0
2020-09-10 196.089996 198.220001 187.839996 190.089996  6580700        0.0           0.0
2020-09-11 191.462006 192.100006 180.929993 184.000000  8110400        0.0           0.0
2020-09-14 186.000000 188.600006 184.380005 186.960007  7053100        0.0           0.0
2020-09-15 190.050003 190.449997 184.179993 186.020004  7763400        0.0           0.0
2020-09-16 187.095001 189.339996 180.669998 180.910004  8170100        0.0           0.0
2020-09-17 176.630005 178.740005 173.789993 175.789993 11840100        0.0           0.0
2020-09-18 176.699997 178.250000 171.630005 176.070007 13557200        0.0           0.0
2020-09-21 174.839996 183.449997 174.080002 183.210007 13765600        0.0           0.0
              Open         High          Low        Close        Volume  Dividends  Stock Splits
count  1256.000000  1256.000000  1256.000000  1256.000000  1.256000e+03     1256.0        1256.0
mean    122.678495   124.397311   120.647560   122.522106  1.295353e+07        0.0           0.0
std      77.768888    78.615190    76.482293    77.590601  8.144104e+06        0.0           0.0
min      50.950001    51.445000    50.250000    50.389999  3.053800e+06        0.0           0.0
25%      67.090002    68.082502    66.105000    66.989998  8.112275e+06        0.0           0.0
50%      79.795002    80.764999    78.125000    79.680000  1.134285e+07        0.0           0.0
75%     191.182747   193.626251   187.432503   190.720001  1.534705e+07        0.0           0.0
max     309.660004   310.160004   305.230011   308.529999  1.362640e+08        0.0           0.0
