# CSV STUB: PYPL_8y_1d.csv
- Size: 191.7 KB
- Shape: (2011, 8)
- Columns: ['Date', 'Open', 'High', 'Low', 'Close', 'Volume', 'Dividends', 'Stock Splits']
      Date      Open      High       Low     Close   Volume  Dividends  Stock Splits
2017-08-09 58.970001 59.730000 58.590000 59.669998  6023900        0.0           0.0
2017-08-10 59.240002 59.369999 57.810001 58.020000  9571200        0.0           0.0
2017-08-11 57.849998 58.250000 57.580002 58.040001  6961800        0.0           0.0
2017-08-14 58.610001 59.276001 58.271000 59.060001  7561800        0.0           0.0
2017-08-15 59.299999 59.980000 59.230000 59.689999  6483500        0.0           0.0
2017-08-16 59.950001 60.700001 59.599998 60.290001  5747000        0.0           0.0
2017-08-17 60.150002 60.279999 59.290001 59.290001  6744200        0.0           0.0
2017-08-18 59.360001 59.820000 58.939999 59.439999  4653300        0.0           0.0
2017-08-21 59.330002 59.650002 58.755001 59.400002  4243200        0.0           0.0
2017-08-22 59.720001 61.000000 59.439999 60.840000  5835700        0.0           0.0
2017-08-23 60.299999 60.509998 59.820000 60.049999  4532000        0.0           0.0
2017-08-24 60.220001 60.430000 59.110001 60.000000  4045300        0.0           0.0
2017-08-25 60.330002 60.580002 59.610001 59.970001  4087400        0.0           0.0
2017-08-28 60.310001 60.529999 59.810001 60.529999  4660600        0.0           0.0
2017-08-29 59.820000 61.160000 59.630001 61.009998  4359300        0.0           0.0
2017-08-30 61.049999 61.860001 60.889999 61.770000  5696000        0.0           0.0
2017-08-31 62.000000 62.028999 61.169998 61.680000  6145800        0.0           0.0
2017-09-01 61.980000 62.230000 61.382999 61.459999  3440400        0.0           0.0
2017-09-05 61.259998 61.750000 60.580002 61.270000  5501200        0.0           0.0
2017-09-06 61.740002 61.990002 60.900002 61.240002  5350900        0.0           0.0
2017-09-07 61.330002 62.130001 61.279999 62.000000  5022700        0.0           0.0
2017-09-08 61.939999 62.000000 61.099998 61.130001  4942600        0.0           0.0
2017-09-11 61.730000 63.259998 61.619999 62.639999  8266300        0.0           0.0
2017-09-12 62.950001 63.119999 62.150002 62.560001  6276600        0.0           0.0
2017-09-13 62.470001 62.750000 61.580002 62.040001  6380900        0.0           0.0
2017-09-14 62.040001 62.369999 61.709999 62.240002  5697800        0.0           0.0
2017-09-15 62.270000 62.799999 61.959999 62.500000  9940900        0.0           0.0
2017-09-18 62.619999 63.529999 62.520000 62.919998  7688000        0.0           0.0
2017-09-19 63.009998 63.924999 62.959999 63.830002  7774000        0.0           0.0
2017-09-20 63.990002 64.870003 63.830002 64.739998 11903600        0.0           0.0
              Open         High          Low        Close        Volume  Dividends  Stock Splits
count  2011.000000  2011.000000  2011.000000  2011.000000  2.011000e+03     2011.0        2011.0
mean    113.639258   115.193289   111.895191   113.575082  1.112927e+07        0.0           0.0
std      64.612993    65.352177    63.513285    64.472489  7.276918e+06        0.0           0.0
min      50.950001    51.445000    50.250000    50.389999  1.680000e+06        0.0           0.0
25%      72.626999    73.764999    71.574997    72.514999  6.796900e+06        0.0           0.0
50%      86.055000    87.379997    84.660004    85.970001  9.292900e+06        0.0           0.0
75%     116.209999   117.344997   114.849998   116.169998  1.338285e+07        0.0           0.0
max     309.660004   310.160004   305.230011   308.529999  1.362640e+08        0.0           0.0
