# CSV STUB: QQQ_5y_1d.csv
- Size: 130.0 KB
- Shape: (1256, 9)
- Columns: ['Date', 'Open', 'High', 'Low', 'Close', 'Volume', 'Dividends', 'Stock Splits', 'Capital Gains']
      Date       Open       High        Low      Close    Volume  Dividends  Stock Splits  Capital Gains
2020-08-10 263.900810 264.104751 258.948506 262.483093  35088400        0.0           0.0            0.0
2020-08-11 261.317862 262.609368 256.967600 257.511383  43104300        0.0           0.0            0.0
2020-08-12 259.676839 264.939885 259.628269 263.988251  38773400        0.0           0.0            0.0
2020-08-13 264.765052 266.872202 263.648356 264.590271  31895700        0.0           0.0            0.0
2020-08-14 265.211736 265.483627 262.881234 264.279541  30799500        0.0           0.0            0.0
2020-08-17 265.998317 267.853016 264.318428 267.348083  24803000        0.0           0.0            0.0
2020-08-18 268.416188 270.397098 266.949901 269.921295  23529500        0.0           0.0            0.0
2020-08-19 269.882437 270.940872 267.590786 268.105438  31999400        0.0           0.0            0.0
2020-08-20 267.309232 272.310107 266.901380 271.824585  27723400        0.0           0.0            0.0
2020-08-21 272.018826 274.164827 271.368213 273.708435  34748900        0.0           0.0            0.0
2020-08-24 276.990538 277.718821 273.125769 275.417450  36418500        0.0           0.0            0.0
2020-08-25 274.640560 277.777046 274.193888 277.582825  34866600        0.0           0.0            0.0
2020-08-26 278.835473 283.758676 277.553686 283.506195  42216700        0.0           0.0            0.0
2020-08-27 284.487008 285.341532 280.350348 282.622589  49482700        0.0           0.0            0.0
2020-08-28 283.865533 284.690927 282.506076 284.059753  28021000        0.0           0.0            0.0
2020-08-31 284.584117 288.157554 284.147135 286.341705  36321000        0.0           0.0            0.0
2020-09-01 289.002388 291.352330 287.225389 291.235809  36216200        0.0           0.0            0.0
2020-09-02 294.498463 294.712094 288.293502 293.993530  50836800        0.0           0.0            0.0
2020-09-03 289.468516 289.973449 276.174908 279.088043 110083300        0.0           0.0            0.0
2020-09-04 277.291576 280.563993 263.929989 275.368896 123959000        0.0           0.0            0.0
2020-09-08 264.337744 270.164012 261.851873 262.133484  99568600        0.0           0.0            0.0
2020-09-09 267.658732 271.941012 265.095160 269.833862  64837900        0.0           0.0            0.0
2020-09-10 272.805400 274.028926 262.725948 264.454407  69667500        0.0           0.0            0.0
2020-09-11 266.211928 267.250953 259.171853 262.619080  71809000        0.0           0.0            0.0
2020-09-14 266.415834 269.193038 265.056378 267.192688  38525200        0.0           0.0            0.0
2020-09-15 270.950606 272.329503 267.163538 270.979736  41849900        0.0           0.0            0.0
2020-09-16 271.776056 272.242139 266.309068 266.658630  42321000        0.0           0.0            0.0
2020-09-17 259.803015 266.454678 258.958211 262.492828  81570800        0.0           0.0            0.0
2020-09-18 263.920253 264.211555 255.025480 259.142700  86251100        0.0           0.0            0.0
2020-09-21 254.870087 259.900091 252.578406 259.764160  57168600        0.0           0.0            0.0
              Open         High          Low        Close        Volume    Dividends  Stock Splits  Capital Gains
count  1256.000000  1256.000000  1256.000000  1256.000000  1.256000e+03  1256.000000        1256.0         1256.0
mean    374.198448   377.068296   371.071895   374.264624  4.891553e+07     0.008824           0.0            0.0
std      83.403283    83.499343    83.153712    83.375073  2.115951e+07     0.071954           0.0            0.0
min     250.654734   259.829863   249.770616   255.890656  1.533400e+07     0.000000           0.0            0.0
25%     305.638263   308.211182   302.513147   305.190201  3.422285e+07     0.000000           0.0            0.0
50%     356.719695   359.132303   354.019121   357.125946  4.546895e+07     0.000000           0.0            0.0
75%     439.004671   442.954523   435.855884   440.160622  5.838165e+07     0.000000           0.0            0.0
max     574.539978   574.770020   570.150024   574.549988  1.986858e+08     0.835000           0.0            0.0
