# CSV STUB: QQQ_8y_1d.csv
- Size: 209.3 KB
- Shape: (2011, 9)
- Columns: ['Date', 'Open', 'High', 'Low', 'Close', 'Volume', 'Dividends', 'Stock Splits', 'Capital Gains']
      Date       Open       High        Low      Close   Volume  Dividends  Stock Splits  Capital Gains
2017-08-09 135.576708 136.590320 135.264099 136.524002 36169500      0.000           0.0            0.0
2017-08-10 135.747302 135.842022 133.464318 133.596939 63331700      0.000           0.0            0.0
2017-08-11 133.776881 134.904163 133.473740 134.610504 45862500      0.000           0.0            0.0
2017-08-14 135.680998 136.552507 135.643112 136.344101 34161000      0.000           0.0            0.0
2017-08-15 136.685073 136.694555 136.069338 136.438782 25509200      0.000           0.0            0.0
2017-08-16 136.779816 137.319781 136.220916 136.675613 31913000      0.000           0.0            0.0
2017-08-17 136.145105 136.353511 133.881073 133.881073 70191000      0.000           0.0            0.0
2017-08-18 133.956867 134.705223 133.236914 133.786346 60751900      0.000           0.0            0.0
2017-08-21 133.776929 134.070588 132.791734 133.615891 37111500      0.000           0.0            0.0
2017-08-22 134.335743 135.794584 134.288376 135.652481 36294200      0.000           0.0            0.0
2017-08-23 134.970511 135.472576 134.875790 135.169449 25702300      0.000           0.0            0.0
2017-08-24 135.472519 135.624089 134.013692 134.771530 38160800      0.000           0.0            0.0
2017-08-25 135.292618 135.633630 134.307423 134.487411 26380400      0.000           0.0            0.0
2017-08-28 134.894662 135.216753 134.468383 134.904144 15362100      0.000           0.0            0.0
2017-08-29 133.748449 135.661987 133.625296 135.434631 24498300      0.000           0.0            0.0
2017-08-30 135.548361 137.253494 135.463108 137.026138 33642700      0.000           0.0            0.0
2017-08-31 137.414516 138.503913 137.338730 138.494431 38480700      0.000           0.0            0.0
2017-09-01 138.674437 138.863893 137.935548 138.304993 22293600      0.000           0.0            0.0
2017-09-05 137.897634 138.191293 136.031463 137.064011 44794300      0.000           0.0            0.0
2017-09-06 137.414472 137.793398 136.486128 137.480789 30722700      0.000           0.0            0.0
2017-09-07 137.736585 138.153396 137.300837 137.802902 22721100      0.000           0.0            0.0
2017-09-08 137.622911 137.689229 136.467211 136.609314 27890100      0.000           0.0            0.0
2017-09-11 137.679759 138.418647 137.641873 138.181824 27126300      0.000           0.0            0.0
2017-09-12 138.570202 138.693355 137.859731 138.513367 30256700      0.000           0.0            0.0
2017-09-13 138.276571 138.721800 138.049215 138.702850 28450900      0.000           0.0            0.0
2017-09-14 138.162892 138.579689 137.802915 137.888168 35296400      0.000           0.0            0.0
2017-09-15 137.859736 138.863866 137.632380 138.361801 46422400      0.000           0.0            0.0
2017-09-18 138.522254 138.958955 137.762757 138.180481 24858200      0.319           0.0            0.0
2017-09-19 138.427259 138.617129 137.952575 138.417770 20871200      0.000           0.0            0.0
2017-09-20 138.370327 138.522229 136.927284 137.990585 34236200      0.000           0.0            0.0
              Open         High          Low        Close        Volume    Dividends  Stock Splits  Capital Gains
count  2011.000000  2011.000000  2011.000000  2011.000000  2.011000e+03  2011.000000        2011.0         2011.0
mean    300.000890   302.282214   297.530723   300.070685  4.552978e+07     0.007711           0.0            0.0
std     117.455680   118.144285   116.628728   117.447451  2.215019e+07     0.063631           0.0            0.0
min     133.748449   134.070588   132.791734   133.596939  7.089000e+06     0.000000           0.0            0.0
25%     181.224232   182.515459   179.854200   181.377525  2.948125e+07     0.000000           0.0            0.0
50%     296.468859   299.247259   292.664283   295.508667  4.087350e+07     0.000000           0.0            0.0
75%     372.227944   374.451927   369.850253   372.148895  5.571640e+07     0.000000           0.0            0.0
max     574.539978   574.770020   570.150024   574.549988  1.986858e+08     0.835000           0.0            0.0
