# CSV STUB: SHOP_8y_1d.csv
- Size: 195.1 KB
- Shape: (2011, 8)
- Columns: ['Date', 'Open', 'High', 'Low', 'Close', 'Volume', 'Dividends', 'Stock Splits']
      Date   Open    High     Low  Close   Volume  Dividends  Stock Splits
2017-08-14  9.329  9.5500  9.3250  9.406 16806000        0.0           0.0
2017-08-15  9.426  9.4569  9.2770  9.315  8071000        0.0           0.0
2017-08-16  9.363  9.4870  9.3010  9.461  7500000        0.0           0.0
2017-08-17  9.439  9.5720  9.3470  9.350 13984000        0.0           0.0
2017-08-18  9.357  9.5148  9.3021  9.458  9886000        0.0           0.0
2017-08-21  9.458  9.6470  9.4500  9.627 11275000        0.0           0.0
2017-08-22  9.691  9.8910  9.6620  9.861 13577000        0.0           0.0
2017-08-23  9.782 10.2800  9.7140 10.246 23743000        0.0           0.0
2017-08-24 10.290 10.6900 10.2750 10.653 33778000        0.0           0.0
2017-08-25 10.683 10.7000 10.2750 10.374 17228000        0.0           0.0
2017-08-28 10.396 10.4930 10.1620 10.379 11124000        0.0           0.0
2017-08-29 10.170 10.5000 10.1330 10.437 11372000        0.0           0.0
2017-08-30 10.476 10.8770 10.4600 10.844 15385000        0.0           0.0
2017-08-31 10.926 11.1570 10.8310 11.092 16043000        0.0           0.0
2017-09-01 11.181 11.2000 10.9860 11.086 10222000        0.0           0.0
2017-09-05 10.997 11.2000 10.8030 11.067 15632000        0.0           0.0
2017-09-06 11.090 11.1940 10.8750 11.022 11403000        0.0           0.0
2017-09-07 11.047 11.3530 11.0140 11.346 11385000        0.0           0.0
2017-09-08 11.329 11.4880 11.2400 11.361  9245000        0.0           0.0
2017-09-11 11.544 11.8604 11.4900 11.799 14288000        0.0           0.0
2017-09-12 11.894 12.0820 11.6880 12.050 17705000        0.0           0.0
2017-09-13 12.053 12.2500 11.7930 11.921 20060000        0.0           0.0
2017-09-14 11.933 12.1000 11.6610 12.020 10664000        0.0           0.0
2017-09-15 12.002 12.1210 11.9375 12.026  8479000        0.0           0.0
2017-09-18 12.080 12.3940 12.0701 12.242 13739000        0.0           0.0
2017-09-19 12.333 12.3880 12.2140 12.294  7852000        0.0           0.0
2017-09-20 12.282 12.3630 11.7400 11.929 18284000        0.0           0.0
2017-09-21 11.886 12.0838 11.6260 12.015 12902000        0.0           0.0
2017-09-22 11.967 12.1460 11.8530 12.027  7601000        0.0           0.0
2017-09-25 11.985 11.9880 11.3510 11.447 23170000        0.0           0.0
              Open         High          Low        Close        Volume  Dividends  Stock Splits
count  2011.000000  2011.000000  2011.000000  2011.000000  2.011000e+03     2011.0   2011.000000
mean     63.825481    65.208441    62.374050    63.844219  1.812408e+07        0.0      0.004973
std      41.849088    42.616253    40.936763    41.800874  1.456243e+07        0.0      0.222994
min       9.191000     9.456900     8.935000     9.257000  1.848500e+06        0.0      0.000000
25%      30.560500    31.401250    29.923500    30.627500  9.268450e+06        0.0      0.000000
50%      58.410000    59.400002    57.009998    58.290001  1.391100e+07        0.0      0.000000
75%      98.480000   101.272499    96.220150    98.623501  2.239300e+07        0.0      0.000000
max     171.800003   176.291794   168.509506   169.059998  2.089590e+08        0.0     10.000000
