# CSV STUB: SPY_5y_1d.csv
- Size: 129.8 KB
- Shape: (1256, 9)
- Columns: ['Date', 'Open', 'High', 'Low', 'Close', 'Volume', 'Dividends', 'Stock Splits', 'Capital Gains']
      Date       Open       High        Low      Close    Volume  Dividends  Stock Splits  Capital Gains
2020-08-10 311.980504 312.641590 310.025150 312.455383  44282100      0.000           0.0            0.0
2020-08-11 313.647175 314.289649 309.140566 309.876129  69601100      0.000           0.0            0.0
2020-08-12 312.334266 314.978639 312.306334 314.196503  53774400      0.000           0.0            0.0
2020-08-13 313.423662 314.950710 312.697391 313.628510  41816100      0.000           0.0            0.0
2020-08-14 313.237443 314.177882 312.501852 313.637817  47260400      0.000           0.0            0.0
2020-08-17 314.662088 315.034529 313.647172 314.634155  35481000      0.000           0.0            0.0
2020-08-18 315.034460 315.742119 313.423615 315.313812  38733900      0.000           0.0            0.0
2020-08-19 315.695590 316.217014 313.432980 314.000977  68054200      0.000           0.0            0.0
2020-08-20 312.259821 315.462870 312.129479 314.978699  42207800      0.000           0.0            0.0
2020-08-21 314.643436 316.319437 314.298898 316.095978  55106600      0.000           0.0            0.0
2020-08-24 318.554100 319.373488 316.068030 319.299011  48588700      0.000           0.0            0.0
2020-08-25 319.866965 320.500118 318.693747 320.416321  38463400      0.000           0.0            0.0
2020-08-26 321.012223 323.898666 320.462867 323.628662  50790200      0.000           0.0            0.0
2020-08-27 324.503927 325.798166 322.660303 324.336304  58034100      0.000           0.0            0.0
2020-08-28 325.369906 326.561736 324.168756 326.431366  48588900      0.000           0.0            0.0
2020-08-31 326.217242 327.101787 325.016091 325.248871  66099200      0.000           0.0            0.0
2020-09-01 326.086870 328.414665 325.183684 328.312256  54908700      0.000           0.0            0.0
2020-09-02 330.239627 334.038576 329.085021 333.060913  69540000      0.000           0.0            0.0
2020-09-03 331.357039 331.831918 318.991790 321.598938 148011100      0.000           0.0            0.0
2020-09-04 322.287892 323.870776 311.803494 318.973114 139156300      0.000           0.0            0.0
2020-09-08 313.516695 319.038245 309.950526 310.257782 114465300      0.000           0.0            0.0
2020-09-09 314.298950 318.870744 313.423696 316.384674  91462300      0.000           0.0            0.0
2020-09-10 318.274781 318.935867 309.922651 310.891022  90569500      0.000           0.0            0.0
2020-09-11 312.688063 313.758843 308.200067 311.049286  84680200      0.000           0.0            0.0
2020-09-14 314.243054 316.934000 311.198308 315.146240  65605700      0.000           0.0            0.0
2020-09-15 317.622979 318.460979 315.155522 316.738434  52920900      0.000           0.0            0.0
2020-09-16 317.986155 319.429377 315.202093 315.481445  82096000      0.000           0.0            0.0
2020-09-17 310.583808 314.438651 310.053064 312.706757  91523300      0.000           0.0            0.0
2020-09-18 313.519007 313.631184 306.601159 309.106537 105877900      1.339           0.0            0.0
2020-09-21 304.479108 305.815930 300.767771 305.666351  99450800      0.000           0.0            0.0
              Open         High          Low        Close        Volume    Dividends  Stock Splits  Capital Gains
count  1256.000000  1256.000000  1256.000000  1256.000000  1.256000e+03  1256.000000        1256.0         1256.0
mean    445.096233   447.652842   442.329605   445.188573  7.557636e+07     0.025565           0.0            0.0
std      84.162827    84.247516    83.980412    84.185506  2.968386e+07     0.202361           0.0            0.0
min     300.290978   305.507402   298.963486   301.618530  2.604870e+07     0.000000           0.0            0.0
25%     384.961295   387.365786   381.185222   384.479279  5.571115e+07     0.000000           0.0            0.0
50%     422.137172   424.371358   419.374696   421.995224  7.053375e+07     0.000000           0.0            0.0
75%     513.073737   515.264299   508.948594   512.158905  8.955570e+07     0.000000           0.0            0.0
max     639.460022   639.849976   635.539978   637.179993  2.566114e+08     1.966000           0.0            0.0
