# CSV STUB: SPY_8y_1d.csv
- Size: 208.8 KB
- Shape: (2011, 9)
- Columns: ['Date', 'Open', 'High', 'Low', 'Close', 'Volume', 'Dividends', 'Stock Splits', 'Capital Gains']
      Date       Open       High        Low      Close    Volume  Dividends  Stock Splits  Capital Gains
2017-08-09 216.587154 217.325306 216.226860 217.272583  62632600      0.000           0.0            0.0
2017-08-10 216.428911 216.560732 214.152935 214.205658 120479500      0.000           0.0            0.0
2017-08-11 214.434181 215.119610 214.196913 214.522049  74869900      0.000           0.0            0.0
2017-08-14 215.813805 216.868310 215.778660 216.648621  73291900      0.000           0.0            0.0
2017-08-15 217.035270 217.052849 216.314697 216.622253  55242700      0.000           0.0            0.0
2017-08-16 217.149540 217.553774 216.569557 217.000153  56715500      0.000           0.0            0.0
2017-08-17 216.384988 216.701341 213.616898 213.616898 128490400      0.000           0.0            0.0
2017-08-18 213.449973 214.583576 212.834846 213.283020 136748000      0.000           0.0            0.0
2017-08-21 213.221495 213.713596 212.509704 213.449966  65469700      0.000           0.0            0.0
2017-08-22 214.038721 215.840161 214.021142 215.681992  63140100      0.000           0.0            0.0
2017-08-23 214.706612 215.339318 214.557225 214.908722  50203800      0.000           0.0            0.0
2017-08-24 215.295361 215.453531 214.196915 214.407822  50741700      0.000           0.0            0.0
2017-08-25 215.207496 215.831419 214.759335 214.908722  64445900      0.000           0.0            0.0
2017-08-28 215.444757 215.471119 214.495698 214.917511  40565600      0.000           0.0            0.0
2017-08-29 213.590623 215.427221 213.476380 215.163605  51135700      0.000           0.0            0.0
2017-08-30 215.145966 216.455318 214.961421 216.182892  62030800      0.000           0.0            0.0
2017-08-31 216.806813 217.729510 216.218048 217.483459 103803900      0.000           0.0            0.0
2017-09-01 217.861272 218.221565 217.641583 217.790970  62007000      0.000           0.0            0.0
2017-09-05 217.281312 217.509797 215.251386 216.226807  91398800      0.000           0.0            0.0
2017-09-06 216.912197 217.298852 216.376155 216.964920  57916900      0.000           0.0            0.0
2017-09-07 217.272546 217.290125 216.525597 216.938614  58034700      0.000           0.0            0.0
2017-09-08 216.648619 217.149517 216.437726 216.683777  63832800      0.000           0.0            0.0
2017-09-11 217.966777 219.074019 217.949212 218.994934  71364800      0.000           0.0            0.0
2017-09-12 219.363987 219.768207 219.179442 219.733063  56896000      0.000           0.0            0.0
2017-09-13 219.443109 219.873705 219.328866 219.838547  59228000      0.000           0.0            0.0
2017-09-14 219.513370 219.970327 219.337622 219.768204  95446300      0.000           0.0            0.0
2017-09-15 219.622498 220.152360 219.516528 220.064056  95432400      1.235           0.0            0.0
2017-09-18 220.434976 220.885361 220.143546 220.532120  46235200      0.000           0.0            0.0
2017-09-19 220.779392 220.841216 220.426150 220.752899  47108100      0.000           0.0            0.0
2017-09-20 220.841222 220.947192 219.825629 220.832382  59574100      0.000           0.0            0.0
              Open         High          Low        Close        Volume    Dividends  Stock Splits  Capital Gains
count  2011.000000  2011.000000  2011.000000  2011.000000  2.011000e+03  2011.000000        2011.0         2011.0
mean    374.240196   376.383777   371.913052   374.306439  8.064211e+07     0.023962           0.0            0.0
std     113.946802   114.411257   113.410407   113.986225  4.059113e+07     0.190271           0.0            0.0
min     211.540961   212.922240   202.335460   206.683273  2.027000e+07     0.000000           0.0            0.0
25%     264.320340   266.082689   262.445073   263.952133  5.609830e+07     0.000000           0.0            0.0
50%     375.254946   378.087825   372.539722   374.974762  7.173670e+07     0.000000           0.0            0.0
75%     437.201240   439.375246   434.541860   437.348984  9.286735e+07     0.000000           0.0            0.0
max     639.460022   639.849976   635.539978   637.179993  3.922207e+08     1.966000           0.0            0.0
