# CSV STUB: TSLA_8y_1d.csv
- Size: 197.9 KB
- Shape: (2011, 8)
- Columns: ['Date', 'Open', 'High', 'Low', 'Close', 'Volume', 'Dividends', 'Stock Splits']
      Date      Open      High       Low     Close    Volume  Dividends  Stock Splits
2017-08-09 24.066668 24.666668 23.930000 24.235332 103381500        0.0           0.0
2017-08-10 24.106667 24.443333 23.643999 23.693333 106393500        0.0           0.0
2017-08-11 23.798000 24.084000 23.574667 23.858000  65487000        0.0           0.0
2017-08-14 24.308666 24.510668 24.173332 24.253332  67788000        0.0           0.0
2017-08-15 24.346666 24.365999 23.958000 24.155333  46276500        0.0           0.0
2017-08-16 24.200001 24.433332 24.167999 24.194000  51207000        0.0           0.0
2017-08-17 24.080667 24.219999 23.439333 23.461332  75415500        0.0           0.0
2017-08-18 23.527332 23.600000 23.053333 23.164000  81123000        0.0           0.0
2017-08-21 23.054667 23.054667 22.123333 22.524000  97431000        0.0           0.0
2017-08-22 22.742001 22.816000 22.491333 22.756666  64830000        0.0           0.0
2017-08-23 22.599333 23.566000 22.553333 23.518000  74317500        0.0           0.0
2017-08-24 23.501333 23.777332 23.316000 23.528667  68770500        0.0           0.0
2017-08-25 23.615999 23.712667 23.153334 23.203333  52260000        0.0           0.0
2017-08-28 23.152000 23.156668 22.648001 23.044001  56460000        0.0           0.0
2017-08-29 22.632000 23.270000 22.583332 23.157333  61105500        0.0           0.0
2017-08-30 23.311333 23.564667 23.133333 23.545334  51193500        0.0           0.0
2017-08-31 23.570000 23.896000 23.521334 23.726667  61092000        0.0           0.0
2017-09-01 23.741333 23.839333 23.579332 23.693333  45742500        0.0           0.0
2017-09-05 23.586666 23.699333 23.059334 23.306000  57526500        0.0           0.0
2017-09-06 23.299999 23.398666 22.770666 22.968666  61371000        0.0           0.0
2017-09-07 23.065332 23.498667 22.896667 23.374001  63588000        0.0           0.0
2017-09-08 23.266001 23.318666 22.820000 22.893333  48952500        0.0           0.0
2017-09-11 23.423332 24.247334 23.333332 24.246000 115006500        0.0           0.0
2017-09-12 24.299334 24.584000 24.026667 24.183332  89593500        0.0           0.0
2017-09-13 24.254667 24.538000 23.972668 24.415333  62778000        0.0           0.0
2017-09-14 24.288668 25.197332 24.175333 25.176001 108037500        0.0           0.0
2017-09-15 24.967333 25.333332 24.846666 25.320667  81307500        0.0           0.0
2017-09-18 25.350000 25.974001 25.178667 25.666668 107820000        0.0           0.0
2017-09-19 25.333332 25.492666 24.904667 25.006666  96778500        0.0           0.0
2017-09-20 24.866667 25.216667 24.738001 24.927334  73786500        0.0           0.0
              Open         High          Low        Close        Volume  Dividends  Stock Splits
count  2011.000000  2011.000000  2011.000000  2011.000000  2.011000e+03     2011.0   2011.000000
mean    163.217311   166.903946   159.284156   163.175320  1.241008e+08        0.0      0.003978
std     118.577365   121.238517   115.607244   118.439998  7.627455e+07        0.0      0.129998
min      12.073333    12.445333    11.799333    11.931333  2.940180e+07        0.0      0.000000
25%      23.221334    23.530001    22.831333    23.171667  7.740170e+07        0.0      0.000000
50%     186.199997   190.679993   182.199997   187.289993  1.031644e+08        0.0      0.000000
75%     251.215004   257.184998   245.263329   251.560005  1.421326e+08        0.0      0.000000
max     475.899994   488.540009   457.510010   479.859985  9.140820e+08        0.0      5.000000
