# CSV STUB: TSLA_5y_1d.csv
- Size: 122.0 KB
- Shape: (1256, 8)
- Columns: ['Date', 'Open', 'High', 'Low', 'Close', 'Volume', 'Dividends', 'Stock Splits']
      Date       Open       High        Low      Close    Volume  Dividends  Stock Splits
2020-08-10  96.533333  97.166664  92.389336  94.571335 112834500        0.0           0.0
2020-08-11  93.066666  94.666664  91.000000  91.625999 129387000        0.0           0.0
2020-08-12  98.000000 105.666664  95.666664 103.650665 327441000        0.0           0.0
2020-08-13 107.400002 110.078667 104.484001 108.066666 306379500        0.0           0.0
2020-08-14 110.999336 111.253334 108.442665 110.047333 188664000        0.0           0.0
2020-08-17 111.800003 123.057335 111.522003 122.375999 303634500        0.0           0.0
2020-08-18 126.599335 128.259995 123.007332 125.806000 247117500        0.0           0.0
2020-08-19 124.333336 127.400002 122.747330 125.235336 183079500        0.0           0.0
2020-08-20 124.045334 134.799332 123.804001 133.455338 309177000        0.0           0.0
2020-08-21 136.317337 139.699326 135.003326 136.665329 322344000        0.0           0.0
2020-08-24 141.751999 141.933334 128.501328 134.279999 300954000        0.0           0.0
2020-08-25 131.659332 135.196671 131.199997 134.889328 159883500        0.0           0.0
2020-08-26 137.333328 144.399994 136.908661 143.544662 213591000        0.0           0.0
2020-08-27 145.363998 153.039993 142.833328 149.250000 355395000        0.0           0.0
2020-08-28 153.007996 154.565994 145.768005 147.559998 301218000        0.0           0.0
2020-08-31 148.203339 166.713333 146.703339 166.106674 355123200        0.0           5.0
2020-09-01 167.380005 167.496674 156.836670 158.350006 269523300        0.0           0.0
2020-09-02 159.663330 159.679993 135.039993 149.123337 288528300        0.0           0.0
2020-09-03 135.743332 143.933334 134.000000 135.666672 262788300        0.0           0.0
2020-09-04 134.270004 142.666672 124.006668 139.440002 330965700        0.0           0.0
2020-09-08 118.666664 122.913330 109.959999 110.070000 346397100        0.0           0.0
2020-09-09 118.866669 123.000000 113.836670 122.093330 238397400        0.0           0.0
2020-09-10 128.736664 132.996674 120.186668 123.779999 254791800        0.0           0.0
2020-09-11 127.313332 127.500000 120.166664 124.239998 182152500        0.0           0.0
2020-09-14 126.983330 140.000000 124.433334 139.873337 249061800        0.0           0.0
2020-09-15 145.520004 153.979996 143.566666 149.919998 291894600        0.0           0.0
2020-09-16 146.623337 152.596664 145.103333 147.253326 216837900        0.0           0.0
2020-09-17 138.533340 145.929993 136.000000 141.143326 230337600        0.0           0.0
2020-09-18 149.313339 150.333328 142.933334 147.383331 259220400        0.0           0.0
2020-09-21 151.043335 151.893326 135.690002 149.796661 328430400        0.0           0.0
              Open         High          Low        Close        Volume  Dividends  Stock Splits
count  1256.000000  1256.000000  1256.000000  1256.000000  1.256000e+03     1256.0   1256.000000
mean    244.803902   250.324183   238.897963   244.729292  1.071197e+08        0.0      0.006369
std      67.693927    69.171966    65.808575    67.420970  5.107093e+07        0.0      0.164472
min      93.066666    94.666664    91.000000    91.625999  2.940180e+07        0.0      0.000000
25%     197.038334   200.865005   192.029995   197.290001  7.350568e+07        0.0      0.000000
50%     237.518333   243.370003   233.201668   238.070000  9.667395e+07        0.0      0.000000
75%     283.947495   289.522499   277.542496   284.662498  1.262970e+08        0.0      0.000000
max     475.899994   488.540009   457.510010   479.859985  6.663786e+08        0.0      5.000000
