# CSV STUB: V_5y_1d.csv
- Size: 125.1 KB
- Shape: (1256, 8)
- Columns: ['Date', 'Open', 'High', 'Low', 'Close', 'Volume', 'Dividends', 'Stock Splits']
      Date       Open       High        Low      Close   Volume  Dividends  Stock Splits
2020-08-10 189.503677 191.385586 188.509643 189.918655  5525400        0.0           0.0
2020-08-11 190.912729 195.805692 189.484395 190.864471 11549600        0.0           0.0
2020-08-12 192.051514 193.238562 191.318057 191.800598  5432500        0.0           0.0
2020-08-13 190.534450 193.250431 190.437790 190.969391  7014800        0.3           0.0
2020-08-14 190.418437 191.442984 189.219935 190.060822  5014400        0.0           0.0
2020-08-17 190.698752 193.753029 190.128496 192.757477  6256200        0.0           0.0
2020-08-18 193.289064 193.405059 190.234802 192.351517  6519900        0.0           0.0
2020-08-19 192.264555 196.053399 192.245220 194.265305  9467600        0.0           0.0
2020-08-20 193.211761 197.599870 192.921810 197.319565  8849200        0.0           0.0
2020-08-21 197.657848 198.276434 196.536655 197.300232  9998300        0.0           0.0
2020-08-24 198.150799 199.542622 197.822179 199.503967  6159600        0.0           0.0
2020-08-25 200.257864 201.234066 198.663060 201.137421  5828300        0.0           0.0
2020-08-26 201.137409 203.747069 200.364172 203.225128  7035200        0.0           0.0
2020-08-27 204.143330 205.080862 202.055596 203.969345  8619600        0.0           0.0
2020-08-28 204.906875 208.927693 204.152974 208.492752  7349800        0.0           0.0
2020-08-31 208.328460 208.734420 204.481627 204.897247  9326900        0.0           0.0
2020-09-01 205.109889 206.733672 204.056347 206.211746  5642900        0.0           0.0
2020-09-02 206.965650 210.077916 206.617694 209.237015  9863800        0.0           0.0
2020-09-03 207.738855 207.738855 200.161169 201.968613 11310200        0.0           0.0
2020-09-04 201.514342 203.457086 193.453371 197.812485 13243600        0.0           0.0
2020-09-08 194.062314 195.483132 192.544851 193.424393 14186900        0.0           0.0
2020-09-09 197.512865 199.387944 195.193155 197.232559  7532600        0.0           0.0
2020-09-10 198.005802 200.074201 193.743348 194.796875  7243000        0.0           0.0
2020-09-11 194.835519 195.637750 192.254853 193.965622  7439000        0.0           0.0
2020-09-14 196.546312 199.503928 196.343331 198.121765 11730500        0.0           0.0
2020-09-15 199.832533 201.243691 197.918785 198.518036  6328600        0.0           0.0
2020-09-16 199.822857 200.799058 198.092738 198.266724  6135000        0.0           0.0
2020-09-17 196.063054 198.701710 195.241488 198.402084  7474900        0.0           0.0
2020-09-18 198.595381 198.837016 194.970848 195.831070  9084100        0.0           0.0
2020-09-21 193.221450 194.516613 188.185759 190.843750  9656000        0.0           0.0
              Open         High          Low        Close        Volume    Dividends  Stock Splits
count  1256.000000  1256.000000  1256.000000  1256.000000  1.256000e+03  1256.000000        1256.0
mean    242.499136   244.707012   240.385099   242.586858  7.261107e+06     0.006951           0.0
std      48.044860    48.295727    47.861932    48.163536  3.404764e+06     0.056012           0.0
min     171.346610   176.340122   170.954967   173.941254  1.640900e+06     0.000000           0.0
25%     206.399431   208.915388   204.306105   206.563080  5.085275e+06     0.000000           0.0
50%     225.207237   226.850884   223.527163   225.184357  6.416450e+06     0.000000           0.0
75%     271.143881   272.831577   269.038080   270.887520  8.605650e+06     0.000000           0.0
max     372.230011   375.510010   369.549988   373.309998  3.837960e+07     0.590000           0.0
