# CSV STUB: V_8y_1d.csv
- Size: 200.9 KB
- Shape: (2011, 8)
- Columns: ['Date', 'Open', 'High', 'Low', 'Close', 'Volume', 'Dividends', 'Stock Splits']
      Date       Open       High        Low      Close   Volume  Dividends  Stock Splits
2017-08-09  95.360436  95.871499  95.209006  95.559181  6902100      0.000           0.0
2017-08-10  95.152213  95.473989  94.101695  94.158478  8560800      0.000           0.0
2017-08-11  94.215270  94.925079  94.196338  94.726326  5268200      0.000           0.0
2017-08-14  95.568629  96.638071  95.350951  96.410934  5657600      0.000           0.0
2017-08-15  96.874698  97.272189  96.505598  97.130226  5386000      0.000           0.0
2017-08-16  97.409863  98.518946  97.296108  97.940704 13408300      0.165           0.0
2017-08-17  97.950155  98.139739  96.841072  96.841072  7381600      0.000           0.0
2017-08-18  96.765269  97.722679  96.632559  97.172882  5670900      0.000           0.0
2017-08-21  97.277149  97.969138  97.002247  97.845909  5395000      0.000           0.0
2017-08-22  98.054468  98.774894  97.770084  98.651665  5481000      0.000           0.0
2017-08-23  98.367270  98.556861  97.627881  97.807991  5057200      0.000           0.0
2017-08-24  97.940701  98.111330  97.296105  97.845909  4082300      0.000           0.0
2017-08-25  98.253507  98.471528  97.789021  97.969124  4467400      0.000           0.0
2017-08-28  98.253526  98.424154  97.883831  98.376755  3919900      0.000           0.0
2017-08-29  97.561528  98.651655  97.296107  98.367271  7135300      0.000           0.0
2017-08-30  98.300909  98.585293  98.130281  98.329353  8712700      0.000           0.0
2017-08-31  98.642150  98.765386  97.665778  98.130264 13766000      0.000           0.0
2017-09-01  98.623227  98.661145  98.054467  98.490517  4466800      0.000           0.0
2017-09-05  98.016560  98.073434  96.935914  97.646866  6337500      0.000           0.0
2017-09-06  97.959657  98.348314  97.732154  97.807991  6372200      0.000           0.0
2017-09-07  98.310391  99.950323  98.215599  99.116135  6508600      0.000           0.0
2017-09-08  98.898120  99.315207  98.642174  98.992912  5787200      0.000           0.0
2017-09-11  99.988229 100.623344  99.675409 100.623344  6956000      0.000           0.0
2017-09-12 101.087865 101.087865 100.253684 100.680252  5212400      0.000           0.0
2017-09-13 100.727635 100.727635  99.760737 100.320023  6215700      0.000           0.0
2017-09-14 100.007202 101.277433 100.007202 100.557007  8154000      0.000           0.0
2017-09-15 100.234691 100.613866  99.485821  99.817604 12622900      0.000           0.0
2017-09-18  99.865009 100.026156  99.173020  99.372086  7330300      0.000           0.0
2017-09-19  99.656485 100.414837  99.372109  99.921913  9754400      0.000           0.0
2017-09-20 100.007211 100.263151  99.021357  99.504807  8198600      0.000           0.0
              Open         High          Low        Close        Volume    Dividends  Stock Splits
count  2011.000000  2011.000000  2011.000000  2011.000000  2.011000e+03  2011.000000        2011.0
mean    206.003259   207.882349   204.149293   206.065793  7.730962e+06     0.005778           0.0
std      63.015306    63.510793    62.613933    63.096154  3.579812e+06     0.048090           0.0
min      94.215270    94.925079    94.101695    94.158478  1.640900e+06     0.000000           0.0
25%     165.024787   166.636038   163.360763   164.936386  5.376550e+06     0.000000           0.0
50%     203.737404   205.815404   201.512424   203.544647  6.874700e+06     0.000000           0.0
75%     234.591622   236.943411   233.073974   235.180122  8.948000e+06     0.000000           0.0
max     372.230011   375.510010   369.549988   373.309998  3.837960e+07     0.590000           0.0
