# CSV STUB: WMT_8y_1d.csv
- Size: 200.2 KB
- Shape: (2011, 8)
- Columns: ['Date', 'Open', 'High', 'Low', 'Close', 'Volume', 'Dividends', 'Stock Splits']
      Date      Open      High       Low     Close   Volume  Dividends  Stock Splits
2017-08-14 23.614429 23.804892 23.588057 23.646662 23376000        0.0           0.0
2017-08-15 23.684757 23.851778 23.599782 23.667175 21198300        0.0           0.0
2017-08-16 23.813686 23.863499 23.599781 23.728710 34608000        0.0           0.0
2017-08-17 23.104572 23.385870 22.952203 23.353640 51881100        0.0           0.0
2017-08-18 23.330202 23.544104 23.230574 23.239365 29259000        0.0           0.0
2017-08-21 23.183692 23.462061 23.086995 23.356573 28841700        0.0           0.0
2017-08-22 23.382946 23.488432 23.356573 23.447409 19638300        0.0           0.0
2017-08-23 23.544105 23.605639 23.406387 23.429829 23397900        0.0           0.0
2017-08-24 23.620289 23.699402 22.811555 22.955133 57384000        0.0           0.0
2017-08-25 23.002021 23.174901 22.996159 23.040112 29706600        0.0           0.0
2017-08-28 22.975644 22.990294 22.814482 22.864296 25864500        0.0           0.0
2017-08-29 22.758815 23.142672 22.709001 23.081137 22995600        0.0           0.0
2017-08-30 23.095781 23.177827 23.007875 23.013737 17489400        0.0           0.0
2017-08-31 23.031326 23.075278 22.873095 22.876024 24584400        0.0           0.0
2017-09-01 22.946341 23.002016 22.917039 22.963923 19423200        0.0           0.0
2017-09-05 22.840862 23.409319 22.826211 23.382948 36205500        0.0           0.0
2017-09-06 23.406384 23.558753 23.359501 23.464987 25278300        0.0           0.0
2017-09-07 23.535310 23.664240 23.441546 23.476707 20462400        0.0           0.0
2017-09-08 23.365366 23.406389 22.776397 23.113369 29998800        0.0           0.0
2017-09-11 23.192481 23.251086 23.048901 23.171970 21000600        0.0           0.0
2017-09-12 23.236437 23.415180 23.198345 23.327274 18015000        0.0           0.0
2017-09-13 23.327269 23.640799 23.321409 23.400524 26471100        0.0           0.0
2017-09-14 23.380013 23.388803 23.212993 23.347780 20817900        0.0           0.0
2017-09-15 23.385875 23.661315 23.227644 23.552896 39953400        0.0           0.0
2017-09-18 23.503081 23.769729 23.426895 23.441547 24528300        0.0           0.0
2017-09-19 23.494296 23.576340 23.353646 23.456202 18523200        0.0           0.0
2017-09-20 23.491359 23.605636 23.403453 23.588055 15954600        0.0           0.0
2017-09-21 23.608572 23.608572 23.359506 23.444481 19290900        0.0           0.0
2017-09-22 23.409315 23.464989 23.221785 23.303829 17265900        0.0           0.0
2017-09-25 23.125084 23.470847 23.107503 23.192478 25643400        0.0           0.0
              Open         High          Low        Close        Volume    Dividends  Stock Splits
count  2011.000000  2011.000000  2011.000000  2011.000000  2.011000e+03  2011.000000   2011.000000
mean     47.100903    47.508973    46.727982    47.129643  2.260008e+07     0.002900      0.001492
std      19.153624    19.344186    18.998000    19.192385  1.301612e+07     0.023269      0.066898
min      22.758815    22.990294    22.709000    22.864296  6.287500e+06     0.000000      0.000000
25%      34.391192    34.591946    34.040274    34.315044  1.508805e+07     0.000000      0.000000
50%      44.102878    44.439523    43.835115    44.109463  1.926050e+07     0.000000      0.000000
75%      50.922013    51.270179    50.561693    50.953478  2.561375e+07     0.000000      0.000000
max     104.758350   104.758350   103.370003   104.509628  1.562655e+08     0.235000      3.000000
